  -2.3280000e-01  -2.4400000e-01
  -2.3120000e-01  -2.4400000e-01
  -2.3088000e-01  -2.4400000e-01
  -2.2752000e-01  -2.4400000e-01
  -1.8768000e-01  -2.3600000e-01
  -1.8704000e-01  -2.3600000e-01
  -1.7840000e-01  -2.3600000e-01
  -1.7792000e-01  -2.3600000e-01
  -1.7664000e-01  -2.3600000e-01
  -1.7632000e-01  -2.3600000e-01
  -1.7584000e-01  -2.3600000e-01
  -1.7520000e-01  -2.3600000e-01
  -1.7472000e-01  -2.3600000e-01
  -1.7440000e-01  -2.3600000e-01
  -1.7328000e-01  -2.3600000e-01
  -1.7280000e-01  -2.3600000e-01
  -1.7184000e-01  -2.3600000e-01
  -1.7152000e-01  -2.3600000e-01
  -1.7088000e-01  -2.3600000e-01
  -1.7056000e-01  -2.3600000e-01
  -1.7008000e-01  -2.3600000e-01
  -1.6960000e-01  -2.3600000e-01
  -1.6928000e-01  -2.3600000e-01
  -1.6864000e-01  -2.3600000e-01
  -1.6800000e-01  -2.3600000e-01
  -1.6752000e-01  -2.3600000e-01
  -1.6608000e-01  -2.3600000e-01
  -1.6528000e-01  -2.3600000e-01
  -1.6464000e-01  -2.3600000e-01
  -1.6400000e-01  -2.3600000e-01
  -1.6336000e-01  -2.3600000e-01
  -1.6304000e-01  -2.3600000e-01
  -1.6256000e-01  -2.3600000e-01
  -1.6176000e-01  -2.3600000e-01
  -1.6128000e-01  -2.3600000e-01
  -1.6064000e-01  -2.3600000e-01
  -1.5920000e-01  -2.3600000e-01
  -1.5856000e-01  -2.3600000e-01
  -1.5808000e-01  -2.3600000e-01
  -1.5776000e-01  -2.3600000e-01
  -1.5712000e-01  -2.3600000e-01
  -1.5680000e-01  -2.3600000e-01
  -1.5520000e-01  -2.3600000e-01
  -1.5264000e-01  -2.3600000e-01
  -1.5120000e-01  -2.3600000e-01
  -1.5056000e-01  -2.3600000e-01
  -1.4432000e-01  -2.3600000e-01
  -1.3920000e-01  -2.3600000e-01
  -1.3648000e-01  -2.3600000e-01
  -1.3168000e-01  -2.3600000e-01
  -8.9440000e-02  -2.2800000e-01
  -8.9120000e-02  -2.2800000e-01
  -8.7680000e-02  -2.2800000e-01
  -8.6720000e-02  -2.2800000e-01
  -8.2400000e-02  -2.2800000e-01
  -8.1760000e-02  -2.2800000e-01
  -8.0800000e-02  -2.2800000e-01
  -8.0480000e-02  -2.2800000e-01
  -7.8880000e-02  -2.2800000e-01
  -7.8080000e-02  -2.2800000e-01
  -7.6000000e-02  -2.2800000e-01
  -7.5520000e-02  -2.2800000e-01
  -7.5040000e-02  -2.2800000e-01
  -7.4560000e-02  -2.2800000e-01
  -7.4240000e-02  -2.2800000e-01
  -7.3760000e-02  -2.2800000e-01
  -7.3280000e-02  -2.2800000e-01
  -7.2800000e-02  -2.2800000e-01
  -7.2320000e-02  -2.2800000e-01
  -7.1520000e-02  -2.2800000e-01
  -7.0880000e-02  -2.2800000e-01
  -7.0400000e-02  -2.2800000e-01
  -6.9920000e-02  -2.2800000e-01
  -6.7840000e-02  -2.2800000e-01
  -6.4640000e-02  -2.2800000e-01
  -6.3200000e-02  -2.2800000e-01
  -6.2560000e-02  -2.2800000e-01
  -6.1920000e-02  -2.2800000e-01
  -6.0640000e-02  -2.2800000e-01
  -5.9680000e-02  -2.2800000e-01
  -5.9360000e-02  -2.2800000e-01
  -5.8400000e-02  -2.2800000e-01
  -5.6160000e-02  -2.2800000e-01
  -5.5360000e-02  -2.2800000e-01
  -4.0640000e-02  -2.2800000e-01
  -6.8800000e-03  -2.2000000e-01
   1.1200000e-03   5.8000000e-01
   2.0800000e-03   5.4000000e-01
   3.0400000e-03   3.7200000e-01
   3.6800000e-03   3.4000000e-01
   4.4800000e-03   3.2400000e-01
   5.1200000e-03   3.2400000e-01
   5.7600000e-03  -4.4000000e-02
   6.2400000e-03   3.4000000e-01
   6.8800000e-03  -1.6400000e-01
   7.3600000e-03   2.6800000e-01
   7.8400000e-03   4.9200000e-01
   8.3200000e-03   4.5200000e-01
   8.8000000e-03   2.4400000e-01
   9.2800000e-03  -1.8000000e-01
   9.6000000e-03  -5.6400000e-01
   1.0080000e-02   1.0800000e-01
   1.0560000e-02  -4.2800000e-01
   1.0880000e-02  -1.5600000e-01
   1.1360000e-02  -6.0400000e-01
   1.1680000e-02   1.4800000e-01
   1.2000000e-02  -6.3600000e-01
   1.2480000e-02  -6.9200000e-01
   1.2800000e-02  -1.6400000e-01
   1.3120000e-02  -8.4000000e-02
   1.3440000e-02  -4.9200000e-01
   1.3760000e-02  -7.5600000e-01
   1.4080000e-02  -8.6800000e-01
   1.4400000e-02  -9.1600000e-01
   1.4720000e-02  -9.2400000e-01
   1.5040000e-02  -9.1600000e-01
   1.5360000e-02  -8.8400000e-01
   1.5680000e-02  -7.8800000e-01
   1.6000000e-02  -5.7200000e-01
   1.6320000e-02  -1.8000000e-01
   1.6640000e-02  -5.7200000e-01
   1.6960000e-02  -9.2400000e-01
   1.7440000e-02  -7.7200000e-01
   1.7760000e-02  -4.0400000e-01
   1.8560000e-02  -4.2000000e-01
   1.8880000e-02  -9.3200000e-01
   1.9360000e-02  -4.9200000e-01
   1.9840000e-02  -8.2000000e-01
   2.0640000e-02  -8.7600000e-01
   2.1120000e-02  -8.2800000e-01
   2.1600000e-02  -8.6000000e-01
   2.2720000e-02  -7.9600000e-01
   2.3200000e-02  -8.6000000e-01
   2.3840000e-02  -7.1600000e-01
   2.4480000e-02  -8.4400000e-01
   2.5120000e-02  -7.6400000e-01
   2.5760000e-02  -9.2400000e-01
   2.6560000e-02  -8.7600000e-01
   2.7520000e-02  -9.2400000e-01
   2.8160000e-02  -9.3200000e-01
   2.8480000e-02  -8.7600000e-01
   2.9600000e-02  -9.3200000e-01
   3.0240000e-02  -9.3200000e-01
   3.1360000e-02  -9.1600000e-01
   3.2000000e-02  -9.3200000e-01
   3.2320000e-02  -9.3200000e-01
   3.3440000e-02  -9.3200000e-01
   3.4080000e-02  -9.3200000e-01
   3.4400000e-02  -9.3200000e-01
   3.5200000e-02  -9.3200000e-01
   3.5520000e-02  -9.3200000e-01
   3.6320000e-02  -9.3200000e-01
   3.6640000e-02  -9.3200000e-01
   3.8240000e-02  -9.3200000e-01
   4.0000000e-02  -9.3200000e-01
   4.1280000e-02  -9.3200000e-01
   4.1760000e-02  -9.3200000e-01
   4.2720000e-02  -9.3200000e-01
   4.3520000e-02  -9.3200000e-01
   4.3840000e-02  -9.3200000e-01
   4.8000000e-02  -9.3200000e-01
   8.7520000e-02  -9.2400000e-01
   8.8960000e-02  -9.2400000e-01
   9.0080000e-02  -9.2400000e-01
   9.1040000e-02  -9.2400000e-01
   9.1840000e-02  -9.2400000e-01
   9.2160000e-02  -9.2400000e-01
   9.2800000e-02  -9.2400000e-01
   1.2096000e-01  -9.1600000e-01
   1.2208000e-01  -9.1600000e-01
   1.2352000e-01  -9.1600000e-01
   1.2432000e-01  -9.1600000e-01
   1.2480000e-01  -9.1600000e-01
   1.2576000e-01  -9.1600000e-01
   1.2624000e-01  -9.1600000e-01
   1.2736000e-01  -9.1600000e-01
   1.2816000e-01  -9.1600000e-01
   1.4704000e-01  -9.0800000e-01
   1.4736000e-01  -9.0800000e-01
   1.4928000e-01  -9.0800000e-01
   1.4976000e-01  -9.0800000e-01
   1.5040000e-01  -9.0800000e-01
   1.5200000e-01  -9.0800000e-01
   1.5440000e-01  -9.0800000e-01
   1.7024000e-01  -9.0000000e-01
   1.7072000e-01  -9.0000000e-01
   1.7104000e-01  -9.0000000e-01
   1.7168000e-01  -9.0000000e-01
   1.7200000e-01  -9.0000000e-01
   1.7280000e-01  -9.0000000e-01
   1.7328000e-01  -9.0000000e-01
   1.7552000e-01  -9.0000000e-01
   1.7600000e-01  -9.0000000e-01
   1.7712000e-01  -9.0000000e-01
   1.7744000e-01  -9.0000000e-01
   1.7792000e-01  -9.0000000e-01
   1.7824000e-01  -9.0000000e-01
   1.9296000e-01  -8.9200000e-01
   1.9536000e-01  -8.9200000e-01
   1.9584000e-01  -8.9200000e-01
   1.9616000e-01  -8.9200000e-01
   1.9680000e-01  -8.9200000e-01
   1.9728000e-01  -8.9200000e-01
   1.9760000e-01  -8.9200000e-01
   1.9792000e-01  -8.9200000e-01
   1.9872000e-01  -8.9200000e-01
   1.9952000e-01  -8.9200000e-01
   2.0000000e-01  -8.9200000e-01
   2.0096000e-01  -8.9200000e-01
   2.0144000e-01  -8.9200000e-01
   2.0320000e-01  -8.9200000e-01
   2.1264000e-01  -8.8400000e-01
   2.1312000e-01  -8.8400000e-01
   2.1360000e-01  -8.8400000e-01
   2.1424000e-01  -8.8400000e-01
   2.1472000e-01  -8.8400000e-01
   2.1536000e-01  -8.8400000e-01
   2.1696000e-01  -8.8400000e-01
   2.1840000e-01  -8.8400000e-01
   2.1888000e-01  -8.8400000e-01
   2.1936000e-01  -8.8400000e-01
   2.2016000e-01  -8.8400000e-01
   2.2064000e-01  -8.8400000e-01
   2.3088000e-01  -8.7600000e-01
   2.3152000e-01  -8.7600000e-01
   2.3248000e-01  -8.7600000e-01
   2.3296000e-01  -8.7600000e-01
   2.3328000e-01  -8.7600000e-01
   2.3440000e-01  -8.7600000e-01
   2.3680000e-01  -8.7600000e-01
   2.4992000e-01  -8.6800000e-01
   2.5024000e-01  -8.6800000e-01
   2.5152000e-01  -8.6800000e-01
   2.5232000e-01  -8.6800000e-01
   2.6720000e-01  -8.6000000e-01
   2.6832000e-01  -8.6000000e-01
   2.6944000e-01  -8.6000000e-01
   2.7040000e-01  -8.6000000e-01
   2.7072000e-01  -8.6000000e-01
   2.8416000e-01  -8.5200000e-01
   2.8512000e-01  -8.5200000e-01
   2.8560000e-01  -8.5200000e-01
   2.8624000e-01  -8.5200000e-01
   2.8816000e-01  -8.5200000e-01
   3.0160000e-01  -8.4400000e-01
   3.0208000e-01  -8.4400000e-01
   3.0240000e-01  -8.4400000e-01
   3.0320000e-01  -8.4400000e-01
   3.0352000e-01  -8.4400000e-01
   3.1456000e-01  -8.3600000e-01
   3.1648000e-01  -8.3600000e-01
   3.1680000e-01  -8.3600000e-01
   3.1744000e-01  -8.3600000e-01
   3.1792000e-01  -8.3600000e-01
   3.1888000e-01  -8.3600000e-01
   3.1952000e-01  -8.3600000e-01
   3.2080000e-01  -8.3600000e-01
   3.3072000e-01  -8.2800000e-01
   3.3168000e-01  -8.2800000e-01
   3.3216000e-01  -8.2800000e-01
   3.3264000e-01  -8.2800000e-01
   3.4464000e-01  -8.2000000e-01
   3.4512000e-01  -8.2000000e-01
   3.4608000e-01  -8.2000000e-01
   3.4688000e-01  -8.2000000e-01
   3.4768000e-01  -8.2000000e-01
   3.5952000e-01  -8.1200000e-01
   3.6208000e-01  -8.1200000e-01
   3.6240000e-01  -8.1200000e-01
   3.6320000e-01  -8.1200000e-01
   3.6480000e-01  -8.1200000e-01
   3.7088000e-01  -8.0400000e-01
   3.7216000e-01  -8.0400000e-01
   3.7648000e-01  -8.0400000e-01
   3.8512000e-01  -7.9600000e-01
   3.8608000e-01  -7.9600000e-01
   3.8656000e-01  -7.9600000e-01
   3.8704000e-01  -7.9600000e-01
   3.8928000e-01  -7.9600000e-01
   3.8976000e-01  -7.9600000e-01
   3.9808000e-01  -7.8800000e-01
   3.9872000e-01  -7.8800000e-01
   4.0048000e-01  -7.8800000e-01
   4.0096000e-01  -7.8800000e-01
   4.0144000e-01  -7.8800000e-01
   4.0208000e-01  -7.8800000e-01
   4.1056000e-01  -7.8000000e-01
   4.1120000e-01  -7.8000000e-01
   4.1152000e-01  -7.8000000e-01
   4.1216000e-01  -7.8000000e-01
   4.2496000e-01  -7.7200000e-01
   4.2592000e-01  -7.7200000e-01
   4.2640000e-01  -7.7200000e-01
   4.2672000e-01  -7.7200000e-01
   4.2864000e-01  -7.7200000e-01
   4.3936000e-01  -7.6400000e-01
   4.3968000e-01  -7.6400000e-01
   4.5008000e-01  -7.5600000e-01
   4.5056000e-01  -7.5600000e-01
   4.5200000e-01  -7.5600000e-01
   4.6464000e-01  -7.4800000e-01
   4.6512000e-01  -7.4800000e-01
   4.6544000e-01  -7.4800000e-01
   4.6592000e-01  -7.4800000e-01
   4.7504000e-01  -7.4000000e-01
   4.7648000e-01  -7.4000000e-01
   4.7712000e-01  -7.4000000e-01
   4.7760000e-01  -7.4000000e-01
   4.7808000e-01  -7.4000000e-01
   4.9024000e-01  -7.3200000e-01
   4.9072000e-01  -7.3200000e-01
   4.9104000e-01  -7.3200000e-01
   4.9184000e-01  -7.3200000e-01
   4.9328000e-01  -7.3200000e-01
   5.0176000e-01  -7.2400000e-01
   5.0288000e-01  -7.2400000e-01
   5.0352000e-01  -7.2400000e-01
   5.1328000e-01  -7.1600000e-01
   5.1392000e-01  -7.1600000e-01
   5.1424000e-01  -7.1600000e-01
   5.1488000e-01  -7.1600000e-01
   5.1568000e-01  -7.1600000e-01
   5.1600000e-01  -7.1600000e-01
   5.1696000e-01  -7.1600000e-01
   5.1776000e-01  -7.1600000e-01
   5.2816000e-01  -7.0800000e-01
   5.2912000e-01  -7.0800000e-01
   5.4128000e-01  -7.0000000e-01
   5.4208000e-01  -7.0000000e-01
   5.4256000e-01  -7.0000000e-01
   5.5120000e-01  -6.9200000e-01
   5.5232000e-01  -6.9200000e-01
   5.5312000e-01  -6.9200000e-01
   5.5376000e-01  -6.9200000e-01
   5.6480000e-01  -6.8400000e-01
   5.6544000e-01  -6.8400000e-01
   5.6608000e-01  -6.8400000e-01
   5.6672000e-01  -6.8400000e-01
   5.6704000e-01  -6.8400000e-01
   5.6848000e-01  -6.8400000e-01
   5.6944000e-01  -6.8400000e-01
   5.7808000e-01  -6.7600000e-01
   5.7904000e-01  -6.7600000e-01
   5.7952000e-01  -6.7600000e-01
   5.8064000e-01  -6.7600000e-01
   5.8144000e-01  -6.7600000e-01
   5.8192000e-01  -6.7600000e-01
   5.9280000e-01  -6.6800000e-01
   5.9312000e-01  -6.6800000e-01
   5.9376000e-01  -6.6800000e-01
   5.9456000e-01  -6.6800000e-01
   5.9584000e-01  -6.6800000e-01
   6.1008000e-01  -6.6000000e-01
   6.2352000e-01  -6.5200000e-01
   6.2400000e-01  -6.5200000e-01
   6.2432000e-01  -6.5200000e-01
   6.2576000e-01  -6.5200000e-01
   6.3824000e-01  -6.4400000e-01
   6.3888000e-01  -6.4400000e-01
   6.3984000e-01  -6.4400000e-01
   6.4048000e-01  -6.4400000e-01
   6.4096000e-01  -6.4400000e-01
   6.4176000e-01  -6.4400000e-01
   6.4224000e-01  -6.4400000e-01
   6.4272000e-01  -6.4400000e-01
   6.5312000e-01  -6.3600000e-01
   6.5360000e-01  -6.3600000e-01
   6.5392000e-01  -6.3600000e-01
   6.5456000e-01  -6.3600000e-01
   6.5520000e-01  -6.3600000e-01
   6.5584000e-01  -6.3600000e-01
   6.6736000e-01  -6.2800000e-01
   6.7024000e-01  -6.2800000e-01
   6.7104000e-01  -6.2800000e-01
   6.7152000e-01  -6.2800000e-01
   6.7216000e-01  -6.2800000e-01
   6.8480000e-01  -6.2000000e-01
   6.8512000e-01  -6.2000000e-01
   6.8544000e-01  -6.2000000e-01
   6.8672000e-01  -6.2000000e-01
   6.8704000e-01  -6.2000000e-01
   6.8736000e-01  -6.2000000e-01
   6.8880000e-01  -6.2000000e-01
   6.9072000e-01  -6.2000000e-01
   7.0064000e-01  -6.1200000e-01
   7.0160000e-01  -6.1200000e-01
   7.0240000e-01  -6.1200000e-01
   7.0304000e-01  -6.1200000e-01
   7.1344000e-01  -6.0400000e-01
   7.1376000e-01  -6.0400000e-01
   7.1424000e-01  -6.0400000e-01
   7.1536000e-01  -6.0400000e-01
   7.1568000e-01  -6.0400000e-01
   7.1648000e-01  -6.0400000e-01
   7.1712000e-01  -6.0400000e-01
   7.1776000e-01  -6.0400000e-01
   7.2864000e-01  -5.9600000e-01
   7.2928000e-01  -5.9600000e-01
   7.2992000e-01  -5.9600000e-01
   7.3056000e-01  -5.9600000e-01
   7.3184000e-01  -5.9600000e-01
   7.3232000e-01  -5.9600000e-01
   7.3264000e-01  -5.9600000e-01
   7.4752000e-01  -5.8800000e-01
   7.4816000e-01  -5.8800000e-01
   7.4880000e-01  -5.8800000e-01
   7.4960000e-01  -5.8800000e-01
   7.6480000e-01  -5.8000000e-01
   7.6544000e-01  -5.8000000e-01
   7.6592000e-01  -5.8000000e-01
   7.7728000e-01  -5.7200000e-01
   7.7840000e-01  -5.7200000e-01
   7.7952000e-01  -5.7200000e-01
   7.7984000e-01  -5.7200000e-01
   7.8032000e-01  -5.7200000e-01
   7.8112000e-01  -5.7200000e-01
   7.8160000e-01  -5.7200000e-01
   7.9328000e-01  -5.6400000e-01
   7.9376000e-01  -5.6400000e-01
   7.9424000e-01  -5.6400000e-01
   7.9504000e-01  -5.6400000e-01
   7.9552000e-01  -5.6400000e-01
   7.9648000e-01  -5.6400000e-01
   7.9776000e-01  -5.6400000e-01
   7.9856000e-01  -5.6400000e-01
   7.9936000e-01  -5.6400000e-01
   8.0080000e-01  -5.6400000e-01
   8.0304000e-01  -5.6400000e-01
   8.1072000e-01  -5.5600000e-01
   8.1136000e-01  -5.5600000e-01
   8.1216000e-01  -5.5600000e-01
   8.1296000e-01  -5.5600000e-01
   8.1504000e-01  -5.5600000e-01
   8.1696000e-01  -5.5600000e-01
   8.3072000e-01  -5.4800000e-01
   8.3104000e-01  -5.4800000e-01
   8.3136000e-01  -5.4800000e-01
   8.3184000e-01  -5.4800000e-01
   8.3296000e-01  -5.4800000e-01
   8.3392000e-01  -5.4800000e-01
   8.4944000e-01  -5.4000000e-01
   8.5040000e-01  -5.4000000e-01
   8.5088000e-01  -5.4000000e-01
   8.5120000e-01  -5.4000000e-01
   8.5168000e-01  -5.4000000e-01
   8.6912000e-01  -5.3200000e-01
   8.6992000e-01  -5.3200000e-01
   8.7040000e-01  -5.3200000e-01
   8.7072000e-01  -5.3200000e-01
   8.7120000e-01  -5.3200000e-01
   8.7216000e-01  -5.3200000e-01
   8.8288000e-01  -5.2400000e-01
   8.8400000e-01  -5.2400000e-01
   8.8480000e-01  -5.2400000e-01
   8.8592000e-01  -5.2400000e-01
   8.8624000e-01  -5.2400000e-01
   8.8656000e-01  -5.2400000e-01
   8.8704000e-01  -5.2400000e-01
   8.8848000e-01  -5.2400000e-01
   9.0336000e-01  -5.1600000e-01
   9.0432000e-01  -5.1600000e-01
   9.0528000e-01  -5.1600000e-01
   9.0560000e-01  -5.1600000e-01
   9.0592000e-01  -5.1600000e-01
   9.0688000e-01  -5.1600000e-01
   9.0736000e-01  -5.1600000e-01
   9.0816000e-01  -5.1600000e-01
   9.0912000e-01  -5.1600000e-01
   9.2352000e-01  -5.0800000e-01
   9.2480000e-01  -5.0800000e-01
   9.2512000e-01  -5.0800000e-01
   9.2560000e-01  -5.0800000e-01
   9.2688000e-01  -5.0800000e-01
   9.2832000e-01  -5.0800000e-01
   9.2880000e-01  -5.0800000e-01
   9.4032000e-01  -5.0000000e-01
   9.4064000e-01  -5.0000000e-01
   9.4208000e-01  -5.0000000e-01
   9.4288000e-01  -5.0000000e-01
   9.4368000e-01  -5.0000000e-01
   9.4400000e-01  -5.0000000e-01
   9.4512000e-01  -5.0000000e-01
   9.4576000e-01  -5.0000000e-01
   9.4624000e-01  -5.0000000e-01
   9.6448000e-01  -4.9200000e-01
   9.6544000e-01  -4.9200000e-01
   9.6608000e-01  -4.9200000e-01
   9.6672000e-01  -4.9200000e-01
   9.6720000e-01  -4.9200000e-01
   9.6848000e-01  -4.9200000e-01
   9.6928000e-01  -4.9200000e-01
   9.8592000e-01  -4.8400000e-01
   9.8656000e-01  -4.8400000e-01
   9.8720000e-01  -4.8400000e-01
   9.8768000e-01  -4.8400000e-01
   9.8800000e-01  -4.8400000e-01
   9.8848000e-01  -4.8400000e-01
   9.8880000e-01  -4.8400000e-01
   9.8976000e-01  -4.8400000e-01
   9.9008000e-01  -4.8400000e-01
   9.9040000e-01  -4.8400000e-01
   9.9120000e-01  -4.8400000e-01
   1.0032000e+00  -4.7600000e-01
   1.0040000e+00  -4.7600000e-01
   1.0045000e+00  -4.7600000e-01
   1.0050000e+00  -4.7600000e-01
   1.0056000e+00  -4.7600000e-01
   1.0070000e+00  -4.7600000e-01
   1.0085000e+00  -4.7600000e-01
   1.0277000e+00  -4.6800000e-01
   1.0288000e+00  -4.6800000e-01
   1.0298000e+00  -4.6800000e-01
   1.0306000e+00  -4.6800000e-01
   1.0309000e+00  -4.6800000e-01
   1.0314000e+00  -4.6800000e-01
   1.0317000e+00  -4.6800000e-01
   1.0325000e+00  -4.6800000e-01
   1.0333000e+00  -4.6800000e-01
   1.0507000e+00  -4.6000000e-01
   1.0515000e+00  -4.6000000e-01
   1.0522000e+00  -4.6000000e-01
   1.0533000e+00  -4.6000000e-01
   1.0549000e+00  -4.6000000e-01
   1.0555000e+00  -4.6000000e-01
   1.0560000e+00  -4.6000000e-01
   1.0565000e+00  -4.6000000e-01
   1.0726000e+00  -4.5200000e-01
   1.0736000e+00  -4.5200000e-01
   1.0742000e+00  -4.5200000e-01
   1.0746000e+00  -4.5200000e-01
   1.0752000e+00  -4.5200000e-01
   1.0758000e+00  -4.5200000e-01
   1.0765000e+00  -4.5200000e-01
   1.0774000e+00  -4.5200000e-01
   1.0786000e+00  -4.5200000e-01
   1.0795000e+00  -4.5200000e-01
   1.0798000e+00  -4.5200000e-01
   1.0802000e+00  -4.5200000e-01
   1.0808000e+00  -4.5200000e-01
   1.0814000e+00  -4.5200000e-01
   1.0981000e+00  -4.4400000e-01
   1.0984000e+00  -4.4400000e-01
   1.0989000e+00  -4.4400000e-01
   1.0994000e+00  -4.4400000e-01
   1.0998000e+00  -4.4400000e-01
   1.1003000e+00  -4.4400000e-01
   1.1016000e+00  -4.4400000e-01
   1.1022000e+00  -4.4400000e-01
   1.1026000e+00  -4.4400000e-01
   1.1032000e+00  -4.4400000e-01
   1.1042000e+00  -4.4400000e-01
   1.1091000e+00  -4.4400000e-01
   1.1258000e+00  -4.3600000e-01
   1.1272000e+00  -4.3600000e-01
   1.1277000e+00  -4.3600000e-01
   1.1286000e+00  -4.3600000e-01
   1.1296000e+00  -4.3600000e-01
   1.1301000e+00  -4.3600000e-01
   1.1514000e+00  -4.2800000e-01
   1.1517000e+00  -4.2800000e-01
   1.1522000e+00  -4.2800000e-01
   1.1528000e+00  -4.2800000e-01
   1.1531000e+00  -4.2800000e-01
   1.1534000e+00  -4.2800000e-01
   1.1541000e+00  -4.2800000e-01
   1.1552000e+00  -4.2800000e-01
   1.1562000e+00  -4.2800000e-01
   1.1566000e+00  -4.2800000e-01
   1.1571000e+00  -4.2800000e-01
   1.1771000e+00  -4.2000000e-01
   1.1792000e+00  -4.2000000e-01
   1.1826000e+00  -4.2000000e-01
   1.1830000e+00  -4.2000000e-01
   1.1838000e+00  -4.2000000e-01
   1.1854000e+00  -4.2000000e-01
   1.1859000e+00  -4.2000000e-01
   1.1864000e+00  -4.2000000e-01
   1.1867000e+00  -4.2000000e-01
   1.1886000e+00  -4.2000000e-01
   1.2114000e+00  -4.1200000e-01
   1.2123000e+00  -4.1200000e-01
   1.2136000e+00  -4.1200000e-01
   1.2141000e+00  -4.1200000e-01
   1.2149000e+00  -4.1200000e-01
   1.2160000e+00  -4.1200000e-01
   1.2163000e+00  -4.1200000e-01
   1.2202000e+00  -4.1200000e-01
   1.2218000e+00  -4.1200000e-01
   1.2462000e+00  -4.0400000e-01
   1.2477000e+00  -4.0400000e-01
   1.2483000e+00  -4.0400000e-01
   1.2498000e+00  -4.0400000e-01
   1.2502000e+00  -4.0400000e-01
   1.2507000e+00  -4.0400000e-01
   1.2512000e+00  -4.0400000e-01
   1.2522000e+00  -4.0400000e-01
   1.2534000e+00  -4.0400000e-01
   1.2813000e+00  -3.9600000e-01
   1.2821000e+00  -3.9600000e-01
   1.2830000e+00  -3.9600000e-01
   1.2834000e+00  -3.9600000e-01
   1.2843000e+00  -3.9600000e-01
   1.2846000e+00  -3.9600000e-01
   1.2851000e+00  -3.9600000e-01
   1.2856000e+00  -3.9600000e-01
   1.2877000e+00  -3.9600000e-01
   1.2880000e+00  -3.9600000e-01
   1.2914000e+00  -3.9600000e-01
   1.3112000e+00  -3.8800000e-01
   1.3126000e+00  -3.8800000e-01
   1.3133000e+00  -3.8800000e-01
   1.3136000e+00  -3.8800000e-01
   1.3142000e+00  -3.8800000e-01
   1.3157000e+00  -3.8800000e-01
   1.3160000e+00  -3.8800000e-01
   1.3165000e+00  -3.8800000e-01
   1.3170000e+00  -3.8800000e-01
   1.3174000e+00  -3.8800000e-01
   1.3181000e+00  -3.8800000e-01
   1.3190000e+00  -3.8800000e-01
   1.3197000e+00  -3.8800000e-01
   1.3206000e+00  -3.8800000e-01
   1.3210000e+00  -3.8800000e-01
   1.3216000e+00  -3.8800000e-01
   1.3510000e+00  -3.8000000e-01
   1.3520000e+00  -3.8000000e-01
   1.3526000e+00  -3.8000000e-01
   1.3533000e+00  -3.8000000e-01
   1.3547000e+00  -3.8000000e-01
   1.3555000e+00  -3.8000000e-01
   1.3581000e+00  -3.8000000e-01
   1.3587000e+00  -3.8000000e-01
   1.3594000e+00  -3.8000000e-01
   1.3616000e+00  -3.8000000e-01
   1.3837000e+00  -3.7200000e-01
   1.3845000e+00  -3.7200000e-01
   1.3850000e+00  -3.7200000e-01
   1.3854000e+00  -3.7200000e-01
   1.3870000e+00  -3.7200000e-01
   1.3874000e+00  -3.7200000e-01
   1.3886000e+00  -3.7200000e-01
   1.3894000e+00  -3.7200000e-01
   1.4186000e+00  -3.6400000e-01
   1.4226000e+00  -3.6400000e-01
   1.4230000e+00  -3.6400000e-01
   1.4243000e+00  -3.6400000e-01
   1.4248000e+00  -3.6400000e-01
   1.4256000e+00  -3.6400000e-01
   1.4266000e+00  -3.6400000e-01
   1.4291000e+00  -3.6400000e-01
   1.4298000e+00  -3.6400000e-01
   1.4306000e+00  -3.6400000e-01
   1.4389000e+00  -3.6400000e-01
   1.4590000e+00  -3.5600000e-01
   1.4619000e+00  -3.5600000e-01
   1.4626000e+00  -3.5600000e-01
   1.4632000e+00  -3.5600000e-01
   1.4635000e+00  -3.5600000e-01
   1.4640000e+00  -3.5600000e-01
   1.4645000e+00  -3.5600000e-01
   1.4648000e+00  -3.5600000e-01
   1.4653000e+00  -3.5600000e-01
   1.4672000e+00  -3.5600000e-01
   1.4685000e+00  -3.5600000e-01
   1.4688000e+00  -3.5600000e-01
   1.4691000e+00  -3.5600000e-01
   1.4696000e+00  -3.5600000e-01
   1.4704000e+00  -3.5600000e-01
   1.4710000e+00  -3.5600000e-01
   1.4928000e+00  -3.4800000e-01
   1.4941000e+00  -3.4800000e-01
   1.4946000e+00  -3.4800000e-01
   1.4949000e+00  -3.4800000e-01
   1.4960000e+00  -3.4800000e-01
   1.4965000e+00  -3.4800000e-01
   1.4968000e+00  -3.4800000e-01
   1.4978000e+00  -3.4800000e-01
   1.4987000e+00  -3.4800000e-01
   1.4992000e+00  -3.4800000e-01
   1.5006000e+00  -3.4800000e-01
   1.5016000e+00  -3.4800000e-01
   1.5021000e+00  -3.4800000e-01
   1.5027000e+00  -3.4800000e-01
   1.5040000e+00  -3.4800000e-01
   1.5338000e+00  -3.4000000e-01
   1.5344000e+00  -3.4000000e-01
   1.5390000e+00  -3.4000000e-01
   1.5397000e+00  -3.4000000e-01
   1.5405000e+00  -3.4000000e-01
   1.5414000e+00  -3.4000000e-01
   1.5419000e+00  -3.4000000e-01
   1.5424000e+00  -3.4000000e-01
   1.5427000e+00  -3.4000000e-01
   1.5434000e+00  -3.4000000e-01
   1.5443000e+00  -3.4000000e-01
   1.5450000e+00  -3.4000000e-01
   1.5490000e+00  -3.4000000e-01
   1.5494000e+00  -3.4000000e-01
   1.5507000e+00  -3.4000000e-01
   1.5738000e+00  -3.3200000e-01
   1.5776000e+00  -3.3200000e-01
   1.5786000e+00  -3.3200000e-01
   1.5792000e+00  -3.3200000e-01
   1.5802000e+00  -3.3200000e-01
   1.5810000e+00  -3.3200000e-01
   1.5830000e+00  -3.3200000e-01
   1.5835000e+00  -3.3200000e-01
   1.5842000e+00  -3.3200000e-01
   1.5848000e+00  -3.3200000e-01
   1.5859000e+00  -3.3200000e-01
   1.5864000e+00  -3.3200000e-01
   1.5872000e+00  -3.3200000e-01
   1.5877000e+00  -3.3200000e-01
   1.5883000e+00  -3.3200000e-01
   1.5888000e+00  -3.3200000e-01
   1.5896000e+00  -3.3200000e-01
   1.6274000e+00  -3.2400000e-01
   1.6277000e+00  -3.2400000e-01
   1.6314000e+00  -3.2400000e-01
   1.6318000e+00  -3.2400000e-01
   1.6328000e+00  -3.2400000e-01
   1.6339000e+00  -3.2400000e-01
   1.6355000e+00  -3.2400000e-01
   1.6360000e+00  -3.2400000e-01
   1.6368000e+00  -3.2400000e-01
   1.6389000e+00  -3.2400000e-01
   1.6406000e+00  -3.2400000e-01
   1.6418000e+00  -3.2400000e-01
   1.6450000e+00  -3.2400000e-01
   1.6680000e+00  -3.1600000e-01
   1.6706000e+00  -3.1600000e-01
   1.6715000e+00  -3.1600000e-01
   1.6733000e+00  -3.1600000e-01
   1.6736000e+00  -3.1600000e-01
   1.6741000e+00  -3.1600000e-01
   1.6744000e+00  -3.1600000e-01
   1.6755000e+00  -3.1600000e-01
   1.6758000e+00  -3.1600000e-01
   1.6763000e+00  -3.1600000e-01
   1.6770000e+00  -3.1600000e-01
   1.6776000e+00  -3.1600000e-01
   1.6790000e+00  -3.1600000e-01
   1.6811000e+00  -3.1600000e-01
   1.6818000e+00  -3.1600000e-01
   1.6827000e+00  -3.1600000e-01
   1.6837000e+00  -3.1600000e-01
   1.6840000e+00  -3.1600000e-01
   1.6850000e+00  -3.1600000e-01
   1.6872000e+00  -3.1600000e-01
   1.6875000e+00  -3.1600000e-01
   1.6882000e+00  -3.1600000e-01
   1.6888000e+00  -3.1600000e-01
   1.6898000e+00  -3.1600000e-01
   1.7253000e+00  -3.0800000e-01
   1.7261000e+00  -3.0800000e-01
   1.7266000e+00  -3.0800000e-01
   1.7270000e+00  -3.0800000e-01
   1.7282000e+00  -3.0800000e-01
   1.7285000e+00  -3.0800000e-01
   1.7291000e+00  -3.0800000e-01
   1.7302000e+00  -3.0800000e-01
   1.7307000e+00  -3.0800000e-01
   1.7312000e+00  -3.0800000e-01
   1.7315000e+00  -3.0800000e-01
   1.7320000e+00  -3.0800000e-01
   1.7328000e+00  -3.0800000e-01
   1.7331000e+00  -3.0800000e-01
   1.7334000e+00  -3.0800000e-01
   1.7341000e+00  -3.0800000e-01
   1.7350000e+00  -3.0800000e-01
   1.7365000e+00  -3.0800000e-01
   1.7418000e+00  -3.0800000e-01
   1.7672000e+00  -3.0000000e-01
   1.7693000e+00  -3.0000000e-01
   1.7707000e+00  -3.0000000e-01
   1.7710000e+00  -3.0000000e-01
   1.7715000e+00  -3.0000000e-01
   1.7718000e+00  -3.0000000e-01
   1.7722000e+00  -3.0000000e-01
   1.7726000e+00  -3.0000000e-01
   1.7731000e+00  -3.0000000e-01
   1.7741000e+00  -3.0000000e-01
   1.7747000e+00  -3.0000000e-01
   1.7752000e+00  -3.0000000e-01
   1.7760000e+00  -3.0000000e-01
   1.7763000e+00  -3.0000000e-01
   1.7766000e+00  -3.0000000e-01
   1.7774000e+00  -3.0000000e-01
   1.7782000e+00  -3.0000000e-01
   1.7789000e+00  -3.0000000e-01
   1.7794000e+00  -3.0000000e-01
   1.7798000e+00  -3.0000000e-01
   1.7813000e+00  -3.0000000e-01
   1.7818000e+00  -3.0000000e-01
   1.7832000e+00  -3.0000000e-01
   1.7843000e+00  -3.0000000e-01
   1.8253000e+00  -2.9200000e-01
   1.8256000e+00  -2.9200000e-01
   1.8261000e+00  -2.9200000e-01
   1.8272000e+00  -2.9200000e-01
   1.8286000e+00  -2.9200000e-01
   1.8296000e+00  -2.9200000e-01
   1.8302000e+00  -2.9200000e-01
   1.8314000e+00  -2.9200000e-01
   1.8317000e+00  -2.9200000e-01
   1.8333000e+00  -2.9200000e-01
   1.8349000e+00  -2.9200000e-01
   1.8366000e+00  -2.9200000e-01
   1.8390000e+00  -2.9200000e-01
   1.8408000e+00  -2.9200000e-01
   1.8411000e+00  -2.9200000e-01
   1.8426000e+00  -2.9200000e-01
   1.8434000e+00  -2.9200000e-01
   1.8490000e+00  -2.9200000e-01
   1.8720000e+00  -2.8400000e-01
   1.8749000e+00  -2.8400000e-01
   1.8757000e+00  -2.8400000e-01
   1.8798000e+00  -2.8400000e-01
   1.8803000e+00  -2.8400000e-01
   1.8826000e+00  -2.8400000e-01
   1.8829000e+00  -2.8400000e-01
   1.8840000e+00  -2.8400000e-01
   1.8846000e+00  -2.8400000e-01
   1.8853000e+00  -2.8400000e-01
   1.8859000e+00  -2.8400000e-01
   1.8866000e+00  -2.8400000e-01
   1.8870000e+00  -2.8400000e-01
   1.8875000e+00  -2.8400000e-01
   1.8890000e+00  -2.8400000e-01
   1.8902000e+00  -2.8400000e-01
   1.8906000e+00  -2.8400000e-01
   1.8909000e+00  -2.8400000e-01
   1.8912000e+00  -2.8400000e-01
   1.8944000e+00  -2.8400000e-01
   1.8954000e+00  -2.8400000e-01
   1.8973000e+00  -2.8400000e-01
   1.8990000e+00  -2.8400000e-01
   1.9018000e+00  -2.8400000e-01
   1.9022000e+00  -2.8400000e-01
   1.9037000e+00  -2.8400000e-01
   1.9054000e+00  -2.8400000e-01
   1.9062000e+00  -2.8400000e-01
   1.9395000e+00  -2.7600000e-01
   1.9482000e+00  -2.7600000e-01
   1.9491000e+00  -2.7600000e-01
   1.9501000e+00  -2.7600000e-01
   1.9517000e+00  -2.7600000e-01
   1.9525000e+00  -2.7600000e-01
   1.9528000e+00  -2.7600000e-01
   1.9534000e+00  -2.7600000e-01
   1.9538000e+00  -2.7600000e-01
   1.9549000e+00  -2.7600000e-01
   1.9558000e+00  -2.7600000e-01
   1.9568000e+00  -2.7600000e-01
   1.9578000e+00  -2.7600000e-01
   1.9590000e+00  -2.7600000e-01
   1.9597000e+00  -2.7600000e-01
   1.9619000e+00  -2.7600000e-01
   1.9626000e+00  -2.7600000e-01
   1.9632000e+00  -2.7600000e-01
   1.9642000e+00  -2.7600000e-01
   1.9656000e+00  -2.7600000e-01
   1.9685000e+00  -2.7600000e-01
   1.9690000e+00  -2.7600000e-01
   1.9701000e+00  -2.7600000e-01
   1.9942000e+00  -2.6800000e-01
   1.9947000e+00  -2.6800000e-01
   2.0050000e+00  -2.6800000e-01
   2.0056000e+00  -2.6800000e-01
   2.0066000e+00  -2.6800000e-01
   2.0069000e+00  -2.6800000e-01
   2.0088000e+00  -2.6800000e-01
   2.0091000e+00  -2.6800000e-01
   2.0094000e+00  -2.6800000e-01
   2.0104000e+00  -2.6800000e-01
   2.0110000e+00  -2.6800000e-01
   2.0117000e+00  -2.6800000e-01
   2.0122000e+00  -2.6800000e-01
   2.0130000e+00  -2.6800000e-01
   2.0171000e+00  -2.6800000e-01
   2.0197000e+00  -2.6800000e-01
   2.0200000e+00  -2.6800000e-01
   2.0211000e+00  -2.6800000e-01
   2.0214000e+00  -2.6800000e-01
   2.0232000e+00  -2.6800000e-01
   2.0238000e+00  -2.6800000e-01
   2.0416000e+00  -2.6800000e-01
   2.0419000e+00  -2.6800000e-01
   2.0504000e+00  -2.6800000e-01
   2.0834000e+00  -2.6000000e-01
   2.0838000e+00  -2.6000000e-01
   2.0843000e+00  -2.6000000e-01
   2.0854000e+00  -2.6000000e-01
   2.0859000e+00  -2.6000000e-01
   2.0866000e+00  -2.6000000e-01
   2.0870000e+00  -2.6000000e-01
   2.0877000e+00  -2.6000000e-01
   2.0885000e+00  -2.6000000e-01
   2.0890000e+00  -2.6000000e-01
   2.0896000e+00  -2.6000000e-01
   2.0901000e+00  -2.6000000e-01
   2.0912000e+00  -2.6000000e-01
   2.0920000e+00  -2.6000000e-01
   2.0926000e+00  -2.6000000e-01
   2.0933000e+00  -2.6000000e-01
   2.0938000e+00  -2.6000000e-01
   2.0941000e+00  -2.6000000e-01
   2.0955000e+00  -2.6000000e-01
   2.0982000e+00  -2.6000000e-01
   2.0998000e+00  -2.6000000e-01
   2.1016000e+00  -2.6000000e-01
   2.1024000e+00  -2.6000000e-01
   2.1050000e+00  -2.6000000e-01
   2.1520000e+00  -2.5200000e-01
   2.1531000e+00  -2.5200000e-01
   2.1541000e+00  -2.5200000e-01
   2.1544000e+00  -2.5200000e-01
   2.1547000e+00  -2.5200000e-01
   2.1554000e+00  -2.5200000e-01
   2.1568000e+00  -2.5200000e-01
   2.1579000e+00  -2.5200000e-01
   2.1584000e+00  -2.5200000e-01
   2.1587000e+00  -2.5200000e-01
   2.1592000e+00  -2.5200000e-01
   2.1598000e+00  -2.5200000e-01
   2.1602000e+00  -2.5200000e-01
   2.1611000e+00  -2.5200000e-01
   2.1614000e+00  -2.5200000e-01
   2.1622000e+00  -2.5200000e-01
   2.1629000e+00  -2.5200000e-01
   2.1637000e+00  -2.5200000e-01
   2.1640000e+00  -2.5200000e-01
   2.1650000e+00  -2.5200000e-01
   2.1656000e+00  -2.5200000e-01
   2.1664000e+00  -2.5200000e-01
   2.1675000e+00  -2.5200000e-01
   2.1683000e+00  -2.5200000e-01
   2.1702000e+00  -2.5200000e-01
   2.1707000e+00  -2.5200000e-01
   2.1710000e+00  -2.5200000e-01
   2.1715000e+00  -2.5200000e-01
   2.1726000e+00  -2.5200000e-01
   2.1746000e+00  -2.5200000e-01
   2.1822000e+00  -2.5200000e-01
   2.2320000e+00  -2.4400000e-01
   2.2326000e+00  -2.4400000e-01
   2.2336000e+00  -2.4400000e-01
   2.2342000e+00  -2.4400000e-01
   2.2358000e+00  -2.4400000e-01
   2.2365000e+00  -2.4400000e-01
   2.2373000e+00  -2.4400000e-01
   2.2387000e+00  -2.4400000e-01
   2.2390000e+00  -2.4400000e-01
   2.2395000e+00  -2.4400000e-01
   2.2400000e+00  -2.4400000e-01
   2.2406000e+00  -2.4400000e-01
   2.2418000e+00  -2.4400000e-01
   2.2422000e+00  -2.4400000e-01
   2.2427000e+00  -2.4400000e-01
   2.2432000e+00  -2.4400000e-01
   2.2438000e+00  -2.4400000e-01
   2.2442000e+00  -2.4400000e-01
   2.2445000e+00  -2.4400000e-01
   2.2450000e+00  -2.4400000e-01
   2.2469000e+00  -2.4400000e-01
   2.2477000e+00  -2.4400000e-01
   2.2494000e+00  -2.4400000e-01
   2.2498000e+00  -2.4400000e-01
   2.2502000e+00  -2.4400000e-01
   2.2533000e+00  -2.4400000e-01
   2.2555000e+00  -2.4400000e-01
   2.2590000e+00  -2.4400000e-01
   2.2614000e+00  -2.4400000e-01
   2.3122000e+00  -2.3600000e-01
   2.3142000e+00  -2.3600000e-01
   2.3174000e+00  -2.3600000e-01
   2.3187000e+00  -2.3600000e-01
   2.3195000e+00  -2.3600000e-01
   2.3214000e+00  -2.3600000e-01
   2.3246000e+00  -2.3600000e-01
   2.3254000e+00  -2.3600000e-01
   2.3259000e+00  -2.3600000e-01
   2.3262000e+00  -2.3600000e-01
   2.3266000e+00  -2.3600000e-01
   2.3278000e+00  -2.3600000e-01
   2.3286000e+00  -2.3600000e-01
   2.3290000e+00  -2.3600000e-01
   2.3294000e+00  -2.3600000e-01
   2.3302000e+00  -2.3600000e-01
   2.3306000e+00  -2.3600000e-01
   2.3309000e+00  -2.3600000e-01
   2.3312000e+00  -2.3600000e-01
   2.3315000e+00  -2.3600000e-01
   2.3320000e+00  -2.3600000e-01
   2.3331000e+00  -2.3600000e-01
   2.3338000e+00  -2.3600000e-01
   2.3342000e+00  -2.3600000e-01
   2.3349000e+00  -2.3600000e-01
   2.3357000e+00  -2.3600000e-01
   2.3366000e+00  -2.3600000e-01
   2.3370000e+00  -2.3600000e-01
   2.3373000e+00  -2.3600000e-01
   2.3379000e+00  -2.3600000e-01
   2.3390000e+00  -2.3600000e-01
   2.3402000e+00  -2.3600000e-01
   2.3406000e+00  -2.3600000e-01
   2.3410000e+00  -2.3600000e-01
   2.3414000e+00  -2.3600000e-01
   2.3427000e+00  -2.3600000e-01
   2.3434000e+00  -2.3600000e-01
   2.3442000e+00  -2.3600000e-01
   2.3448000e+00  -2.3600000e-01
   2.3451000e+00  -2.3600000e-01
   2.3472000e+00  -2.3600000e-01
   2.3491000e+00  -2.3600000e-01
   2.3506000e+00  -2.3600000e-01
   2.3549000e+00  -2.3600000e-01
   2.3594000e+00  -2.3600000e-01
   2.3694000e+00  -2.3600000e-01
   2.4126000e+00  -2.2800000e-01
   2.4134000e+00  -2.2800000e-01
   2.4142000e+00  -2.2800000e-01
   2.4152000e+00  -2.2800000e-01
   2.4176000e+00  -2.2800000e-01
   2.4179000e+00  -2.2800000e-01
   2.4187000e+00  -2.2800000e-01
   2.4195000e+00  -2.2800000e-01
   2.4200000e+00  -2.2800000e-01
   2.4222000e+00  -2.2800000e-01
   2.4226000e+00  -2.2800000e-01
   2.4230000e+00  -2.2800000e-01
   2.4235000e+00  -2.2800000e-01
   2.4242000e+00  -2.2800000e-01
   2.4246000e+00  -2.2800000e-01
   2.4253000e+00  -2.2800000e-01
   2.4264000e+00  -2.2800000e-01
   2.4272000e+00  -2.2800000e-01
   2.4288000e+00  -2.2800000e-01
   2.4294000e+00  -2.2800000e-01
   2.4298000e+00  -2.2800000e-01
   2.4307000e+00  -2.2800000e-01
   2.4312000e+00  -2.2800000e-01
   2.4323000e+00  -2.2800000e-01
   2.4334000e+00  -2.2800000e-01
   2.4360000e+00  -2.2800000e-01
   2.4366000e+00  -2.2800000e-01
   2.4376000e+00  -2.2800000e-01
   2.4389000e+00  -2.2800000e-01
   2.4406000e+00  -2.2800000e-01
   2.4411000e+00  -2.2800000e-01
   2.4520000e+00  -2.2800000e-01
   2.5019000e+00   5.6400000e-01
   2.5029000e+00   7.2400000e-01
   2.5037000e+00   6.6800000e-01
   2.5045000e+00   3.6400000e-01
   2.5051000e+00   5.9600000e-01
   2.5058000e+00   4.9200000e-01
   2.5064000e+00  -4.0000000e-03
   2.5069000e+00   4.1200000e-01
   2.5074000e+00  -2.6000000e-01
   2.5080000e+00  -6.0000000e-02
   2.5085000e+00   5.2000000e-02
   2.5090000e+00  -3.6000000e-02
   2.5094000e+00  -3.4000000e-01
   2.5098000e+00  -4.6000000e-01
   2.5102000e+00   1.1600000e-01
   2.5107000e+00  -2.9200000e-01
   2.5110000e+00  -3.2400000e-01
   2.5115000e+00  -3.2400000e-01
   2.5118000e+00  -1.7200000e-01
   2.5123000e+00  -8.0400000e-01
   2.5126000e+00  -1.5600000e-01
   2.5130000e+00  -1.5600000e-01
   2.5133000e+00  -6.9200000e-01
   2.5138000e+00  -9.0000000e-01
   2.5141000e+00  -7.6400000e-01
   2.5144000e+00  -5.9600000e-01
   2.5147000e+00  -5.0800000e-01
   2.5150000e+00  -4.5200000e-01
   2.5154000e+00  -5.2400000e-01
   2.5157000e+00  -6.2000000e-01
   2.5160000e+00  -7.9600000e-01
   2.5163000e+00  -9.1600000e-01
   2.5168000e+00  -9.0000000e-01
   2.5171000e+00  -6.3600000e-01
   2.5174000e+00  -3.0800000e-01
   2.5178000e+00  -8.5200000e-01
   2.5182000e+00  -8.1200000e-01
   2.5186000e+00  -4.9200000e-01
   2.5190000e+00  -9.2400000e-01
   2.5194000e+00  -5.0000000e-01
   2.5198000e+00  -8.4400000e-01
   2.5202000e+00  -8.7600000e-01
   2.5206000e+00  -5.8800000e-01
   2.5211000e+00  -5.2400000e-01
   2.5216000e+00  -6.6000000e-01
   2.5221000e+00  -6.1200000e-01
   2.5226000e+00  -6.6000000e-01
   2.5230000e+00  -9.2400000e-01
   2.5237000e+00  -7.2400000e-01
   2.5243000e+00  -9.3200000e-01
   2.5248000e+00  -9.2400000e-01
   2.5253000e+00  -9.3200000e-01
   2.5256000e+00  -9.3200000e-01
   2.5262000e+00  -7.2400000e-01
   2.5270000e+00  -8.4400000e-01
   2.5278000e+00  -9.1600000e-01
   2.5285000e+00  -9.3200000e-01
   2.5290000e+00  -9.3200000e-01
   2.5296000e+00  -9.3200000e-01
   2.5301000e+00  -8.8400000e-01
   2.5307000e+00  -9.3200000e-01
   2.5315000e+00  -9.3200000e-01
   2.5318000e+00  -9.3200000e-01
   2.5328000e+00  -9.3200000e-01
   2.5334000e+00  -9.3200000e-01
   2.5342000e+00  -9.3200000e-01
   2.5354000e+00  -9.3200000e-01
   2.5357000e+00  -9.3200000e-01
   2.5360000e+00  -9.3200000e-01
   2.5368000e+00  -9.3200000e-01
   2.5373000e+00  -9.3200000e-01
   2.5379000e+00  -9.3200000e-01
   2.5390000e+00  -9.3200000e-01
   2.5395000e+00  -9.3200000e-01
   2.5403000e+00  -9.3200000e-01
   2.5413000e+00  -9.3200000e-01
   2.5416000e+00  -9.3200000e-01
   2.5419000e+00  -9.3200000e-01
   2.5426000e+00  -9.3200000e-01
   2.5440000e+00  -9.3200000e-01
   2.5445000e+00  -9.3200000e-01
   2.5453000e+00  -9.3200000e-01
   2.5458000e+00  -9.3200000e-01
   2.5464000e+00  -9.3200000e-01
   2.5477000e+00  -9.3200000e-01
   2.5494000e+00  -9.3200000e-01
   2.5517000e+00  -9.3200000e-01
   2.5520000e+00  -9.3200000e-01
   2.5722000e+00  -9.2400000e-01
   2.5818000e+00  -9.2400000e-01
   2.5856000e+00  -9.2400000e-01
   2.5864000e+00  -9.2400000e-01
   2.5870000e+00  -9.2400000e-01
   2.5880000e+00  -9.2400000e-01
   2.5883000e+00  -9.2400000e-01
   2.5886000e+00  -9.2400000e-01
   2.5891000e+00  -9.2400000e-01
   2.5894000e+00  -9.2400000e-01
   2.5899000e+00  -9.2400000e-01
   2.5902000e+00  -9.2400000e-01
   2.5912000e+00  -9.2400000e-01
   2.5925000e+00  -9.2400000e-01
   2.5941000e+00  -9.2400000e-01
   2.5955000e+00  -9.2400000e-01
   2.6147000e+00  -9.1600000e-01
   2.6152000e+00  -9.1600000e-01
   2.6158000e+00  -9.1600000e-01
   2.6163000e+00  -9.1600000e-01
   2.6170000e+00  -9.1600000e-01
   2.6173000e+00  -9.1600000e-01
   2.6176000e+00  -9.1600000e-01
   2.6187000e+00  -9.1600000e-01
   2.6192000e+00  -9.1600000e-01
   2.6197000e+00  -9.1600000e-01
   2.6203000e+00  -9.1600000e-01
   2.6206000e+00  -9.1600000e-01
   2.6210000e+00  -9.1600000e-01
   2.6214000e+00  -9.1600000e-01
   2.6221000e+00  -9.1600000e-01
   2.6226000e+00  -9.1600000e-01
   2.6229000e+00  -9.1600000e-01
   2.6237000e+00  -9.1600000e-01
   2.6246000e+00  -9.1600000e-01
   2.6467000e+00  -9.0800000e-01
   2.6474000e+00  -9.0800000e-01
   2.6480000e+00  -9.0800000e-01
   2.6483000e+00  -9.0800000e-01
   2.6493000e+00  -9.0800000e-01
   2.6496000e+00  -9.0800000e-01
   2.6501000e+00  -9.0800000e-01
   2.6507000e+00  -9.0800000e-01
   2.6690000e+00  -9.0000000e-01
   2.6694000e+00  -9.0000000e-01
   2.6709000e+00  -9.0000000e-01
   2.6712000e+00  -9.0000000e-01
   2.6717000e+00  -9.0000000e-01
   2.6722000e+00  -9.0000000e-01
   2.6728000e+00  -9.0000000e-01
   2.6757000e+00  -9.0000000e-01
   2.6800000e+00  -9.0000000e-01
   2.6933000e+00  -8.9200000e-01
   2.6939000e+00  -8.9200000e-01
   2.6942000e+00  -8.9200000e-01
   2.6946000e+00  -8.9200000e-01
   2.6952000e+00  -8.9200000e-01
   2.6960000e+00  -8.9200000e-01
   2.6970000e+00  -8.9200000e-01
   2.6973000e+00  -8.9200000e-01
   2.6978000e+00  -8.9200000e-01
   2.6982000e+00  -8.9200000e-01
   2.7122000e+00  -8.8400000e-01
   2.7131000e+00  -8.8400000e-01
   2.7139000e+00  -8.8400000e-01
   2.7155000e+00  -8.8400000e-01
   2.7160000e+00  -8.8400000e-01
   2.7165000e+00  -8.8400000e-01
   2.7171000e+00  -8.8400000e-01
   2.7178000e+00  -8.8400000e-01
   2.7182000e+00  -8.8400000e-01
   2.7202000e+00  -8.8400000e-01
   2.7323000e+00  -8.7600000e-01
   2.7341000e+00  -8.7600000e-01
   2.7357000e+00  -8.7600000e-01
   2.7363000e+00  -8.7600000e-01
   2.7475000e+00  -8.6800000e-01
   2.7483000e+00  -8.6800000e-01
   2.7494000e+00  -8.6800000e-01
   2.7499000e+00  -8.6800000e-01
   2.7504000e+00  -8.6800000e-01
   2.7510000e+00  -8.6800000e-01
   2.7518000e+00  -8.6800000e-01
   2.7662000e+00  -8.6000000e-01
   2.7672000e+00  -8.6000000e-01
   2.7677000e+00  -8.6000000e-01
   2.7682000e+00  -8.6000000e-01
   2.7688000e+00  -8.6000000e-01
   2.7830000e+00  -8.5200000e-01
   2.7840000e+00  -8.5200000e-01
   2.7845000e+00  -8.5200000e-01
   2.7851000e+00  -8.5200000e-01
   2.7854000e+00  -8.5200000e-01
   2.7858000e+00  -8.5200000e-01
   2.7862000e+00  -8.5200000e-01
   2.7867000e+00  -8.5200000e-01
   2.7890000e+00  -8.5200000e-01
   2.7994000e+00  -8.4400000e-01
   2.7998000e+00  -8.4400000e-01
   2.8003000e+00  -8.4400000e-01
   2.8019000e+00  -8.4400000e-01
   2.8022000e+00  -8.4400000e-01
   2.8038000e+00  -8.4400000e-01
   2.8131000e+00  -8.3600000e-01
   2.8138000e+00  -8.3600000e-01
   2.8141000e+00  -8.3600000e-01
   2.8149000e+00  -8.3600000e-01
   2.8152000e+00  -8.3600000e-01
   2.8158000e+00  -8.3600000e-01
   2.8168000e+00  -8.3600000e-01
   2.8174000e+00  -8.3600000e-01
   2.8194000e+00  -8.3600000e-01
   2.8203000e+00  -8.3600000e-01
   2.8206000e+00  -8.3600000e-01
   2.8288000e+00  -8.2800000e-01
   2.8301000e+00  -8.2800000e-01
   2.8307000e+00  -8.2800000e-01
   2.8310000e+00  -8.2800000e-01
   2.8440000e+00  -8.2000000e-01
   2.8443000e+00  -8.2000000e-01
   2.8448000e+00  -8.2000000e-01
   2.8451000e+00  -8.2000000e-01
   2.8576000e+00  -8.1200000e-01
   2.8579000e+00  -8.1200000e-01
   2.8598000e+00  -8.1200000e-01
   2.8603000e+00  -8.1200000e-01
   2.8611000e+00  -8.1200000e-01
   2.8627000e+00  -8.1200000e-01
   2.8714000e+00  -8.0400000e-01
   2.8720000e+00  -8.0400000e-01
   2.8725000e+00  -8.0400000e-01
   2.8734000e+00  -8.0400000e-01
   2.8835000e+00  -7.9600000e-01
   2.8854000e+00  -7.9600000e-01
   2.8861000e+00  -7.9600000e-01
   2.8901000e+00  -7.9600000e-01
   2.8906000e+00  -7.9600000e-01
   2.8992000e+00  -7.8800000e-01
   2.8998000e+00  -7.8800000e-01
   2.9003000e+00  -7.8800000e-01
   2.9008000e+00  -7.8800000e-01
   2.9016000e+00  -7.8800000e-01
   2.9022000e+00  -7.8800000e-01
   2.9026000e+00  -7.8800000e-01
   2.9030000e+00  -7.8800000e-01
   2.9048000e+00  -7.8800000e-01
   2.9110000e+00  -7.8000000e-01
   2.9117000e+00  -7.8000000e-01
   2.9237000e+00  -7.7200000e-01
   2.9253000e+00  -7.7200000e-01
   2.9259000e+00  -7.7200000e-01
   2.9266000e+00  -7.7200000e-01
   2.9277000e+00  -7.7200000e-01
   2.9382000e+00  -7.6400000e-01
   2.9390000e+00  -7.6400000e-01
   2.9397000e+00  -7.6400000e-01
   2.9403000e+00  -7.6400000e-01
   2.9475000e+00  -7.5600000e-01
   2.9480000e+00  -7.5600000e-01
   2.9486000e+00  -7.5600000e-01
   2.9493000e+00  -7.5600000e-01
   2.9502000e+00  -7.5600000e-01
   2.9509000e+00  -7.5600000e-01
   2.9512000e+00  -7.5600000e-01
   2.9517000e+00  -7.5600000e-01
   2.9525000e+00  -7.5600000e-01
