  -1.2096000e-01  -2.5344000e-01
  -3.6480000e-02  -2.4192000e-01
  -3.6160000e-02  -2.4192000e-01
  -3.5040000e-02  -2.4192000e-01
  -3.3760000e-02  -2.4192000e-01
  -3.3440000e-02  -2.4192000e-01
  -3.2800000e-02  -2.4192000e-01
  -3.1200000e-02  -2.4192000e-01
  -3.0560000e-02  -2.4192000e-01
  -2.9760000e-02  -2.4192000e-01
  -2.9280000e-02  -2.4192000e-01
  -2.8320000e-02  -2.4192000e-01
  -2.8000000e-02  -2.4192000e-01
  -2.7520000e-02  -2.4192000e-01
  -2.5760000e-02  -2.4192000e-01
  -2.5280000e-02  -2.4192000e-01
  -2.4800000e-02  -2.4192000e-01
  -2.3680000e-02  -2.4192000e-01
  -2.3200000e-02  -2.4192000e-01
  -2.2560000e-02  -2.4192000e-01
  -2.2080000e-02  -2.4192000e-01
  -2.1760000e-02  -2.4192000e-01
  -2.1440000e-02  -2.4192000e-01
  -2.0800000e-02  -2.4192000e-01
  -2.0480000e-02  -2.4192000e-01
  -1.9360000e-02  -2.4192000e-01
  -1.8240000e-02  -2.4192000e-01
  -1.7440000e-02  -2.4192000e-01
  -1.6960000e-02  -2.4192000e-01
  -1.6480000e-02  -2.4192000e-01
  -1.5040000e-02  -2.4192000e-01
  -1.4400000e-02  -2.4192000e-01
  -1.2480000e-02  -2.4192000e-01
  -1.0880000e-02  -2.4192000e-01
  -1.0560000e-02  -2.4192000e-01
  -1.0080000e-02  -2.4192000e-01
  -9.4400000e-03  -2.4192000e-01
  -8.9600000e-03  -2.4192000e-01
  -8.0000000e-03  -2.4192000e-01
  -7.2000000e-03  -2.4192000e-01
  -6.2400000e-03  -2.4192000e-01
  -5.9200000e-03  -2.4192000e-01
  -5.2800000e-03  -2.4192000e-01
  -4.3200000e-03  -2.4192000e-01
  -3.6800000e-03  -2.4192000e-01
  -3.0400000e-03  -2.4192000e-01
   1.1200000e-03   8.7552000e-01
   2.0800000e-03   7.7184000e-01
   2.8800000e-03   1.0252800e+00
   3.6800000e-03   5.4144000e-01
   4.3200000e-03   9.4464000e-01
   4.9600000e-03   7.6032000e-01
   5.6000000e-03   7.9488000e-01
   6.2400000e-03  -2.0736000e-01
   6.7200000e-03   7.8336000e-01
   7.2000000e-03   9.2160000e-02
   7.6800000e-03  -3.6864000e-01
   8.1600000e-03  -5.2992000e-01
   8.6400000e-03  -4.0320000e-01
   9.1200000e-03   6.9120000e-02
   9.6000000e-03   2.3040000e-01
   1.0080000e-02  -9.5616000e-01
   1.0400000e-02  -1.1520000e-02
   1.0880000e-02  -7.8336000e-01
   1.1200000e-02   4.6080000e-02
   1.1520000e-02  -1.2096000e+00
   1.2000000e-02  -4.0320000e-01
   1.2320000e-02  -2.0736000e-01
   1.2640000e-02  -1.0137600e+00
   1.3120000e-02  -1.3248000e+00
   1.3440000e-02  -1.0022400e+00
   1.3760000e-02  -7.1424000e-01
   1.4080000e-02  -4.2624000e-01
   1.4400000e-02  -3.3408000e-01
   1.4720000e-02  -3.1104000e-01
   1.5040000e-02  -4.9536000e-01
   1.5360000e-02  -7.3728000e-01
   1.5680000e-02  -1.0944000e+00
   1.6000000e-02  -1.3478400e+00
   1.6480000e-02  -1.3708800e+00
   1.6800000e-02  -9.2160000e-01
   1.7120000e-02  -5.6448000e-01
   1.7440000e-02  -1.3708800e+00
   1.7920000e-02  -1.0944000e+00
   1.8240000e-02  -1.0368000e+00
   1.8720000e-02  -1.2441600e+00
   1.9040000e-02  -1.1520000e+00
   1.9520000e-02  -8.5248000e-01
   2.0000000e-02  -1.3708800e+00
   2.0320000e-02  -1.3478400e+00
   2.0800000e-02  -1.2326400e+00
   2.1280000e-02  -1.2441600e+00
   2.1760000e-02  -1.3478400e+00
   2.2400000e-02  -1.3939200e+00
   2.2880000e-02  -9.5616000e-01
   2.4000000e-02  -1.2902400e+00
   2.4640000e-02  -1.2902400e+00
   2.4960000e-02  -1.4054400e+00
   2.6080000e-02  -1.2787200e+00
   2.6880000e-02  -1.3593600e+00
   2.7840000e-02  -1.2326400e+00
   2.8960000e-02  -1.3708800e+00
   2.9440000e-02  -1.4054400e+00
   3.0240000e-02  -1.3939200e+00
   3.1360000e-02  -1.4054400e+00
   3.1680000e-02  -1.4054400e+00
   3.2480000e-02  -1.4054400e+00
   3.2960000e-02  -1.4054400e+00
   3.3600000e-02  -1.4054400e+00
   3.4080000e-02  -1.4054400e+00
   3.4720000e-02  -1.4054400e+00
   3.6000000e-02  -1.4054400e+00
   3.6640000e-02  -1.4054400e+00
   3.6960000e-02  -1.4054400e+00
   3.7280000e-02  -1.4054400e+00
   3.8400000e-02  -1.4054400e+00
   5.4080000e-02  -1.3939200e+00
   5.4720000e-02  -1.3939200e+00
   5.5040000e-02  -1.3939200e+00
   5.5520000e-02  -1.3939200e+00
   5.6480000e-02  -1.3939200e+00
   5.8080000e-02  -1.3939200e+00
   5.8400000e-02  -1.3939200e+00
   5.8720000e-02  -1.3939200e+00
   7.4880000e-02  -1.3824000e+00
   7.6640000e-02  -1.3824000e+00
   7.7280000e-02  -1.3824000e+00
   7.7760000e-02  -1.3824000e+00
   7.8880000e-02  -1.3824000e+00
   9.1360000e-02  -1.3708800e+00
   9.2160000e-02  -1.3708800e+00
   9.4560000e-02  -1.3708800e+00
   9.5520000e-02  -1.3708800e+00
   1.0592000e-01  -1.3593600e+00
   1.0848000e-01  -1.3593600e+00
   1.0928000e-01  -1.3593600e+00
   1.0976000e-01  -1.3593600e+00
   1.1040000e-01  -1.3593600e+00
   1.1152000e-01  -1.3593600e+00
   1.2304000e-01  -1.3478400e+00
   1.2336000e-01  -1.3478400e+00
   1.2432000e-01  -1.3478400e+00
   1.2464000e-01  -1.3478400e+00
   1.4656000e-01  -1.3248000e+00
   1.4784000e-01  -1.3248000e+00
   1.4864000e-01  -1.3248000e+00
   1.4928000e-01  -1.3248000e+00
   1.4992000e-01  -1.3248000e+00
   1.6288000e-01  -1.3132800e+00
   1.6336000e-01  -1.3132800e+00
   1.6416000e-01  -1.3132800e+00
   1.7104000e-01  -1.3017600e+00
   1.7280000e-01  -1.3017600e+00
   1.7392000e-01  -1.3017600e+00
   1.7504000e-01  -1.3017600e+00
   1.7536000e-01  -1.3017600e+00
   1.8336000e-01  -1.2902400e+00
   1.8416000e-01  -1.2902400e+00
   1.9408000e-01  -1.2787200e+00
   1.9440000e-01  -1.2787200e+00
   1.9536000e-01  -1.2787200e+00
   1.9568000e-01  -1.2787200e+00
   2.0416000e-01  -1.2672000e+00
   2.0448000e-01  -1.2672000e+00
   2.1488000e-01  -1.2556800e+00
   2.2352000e-01  -1.2441600e+00
   2.2464000e-01  -1.2441600e+00
   2.2512000e-01  -1.2441600e+00
   2.3504000e-01  -1.2326400e+00
   2.3536000e-01  -1.2326400e+00
   2.3600000e-01  -1.2326400e+00
   2.4336000e-01  -1.2211200e+00
   2.4400000e-01  -1.2211200e+00
   2.5312000e-01  -1.2096000e+00
   2.5392000e-01  -1.2096000e+00
   2.5456000e-01  -1.2096000e+00
   2.6208000e-01  -1.1980800e+00
   2.7072000e-01  -1.1865600e+00
   2.7104000e-01  -1.1865600e+00
   2.7136000e-01  -1.1865600e+00
   2.7216000e-01  -1.1865600e+00
   2.7824000e-01  -1.1750400e+00
   2.7856000e-01  -1.1750400e+00
   2.8016000e-01  -1.1750400e+00
   2.8528000e-01  -1.1635200e+00
   2.8736000e-01  -1.1635200e+00
   2.8768000e-01  -1.1635200e+00
   2.8816000e-01  -1.1635200e+00
   2.9664000e-01  -1.1520000e+00
   3.0320000e-01  -1.1404800e+00
   3.0352000e-01  -1.1404800e+00
   3.0416000e-01  -1.1404800e+00
   3.0480000e-01  -1.1404800e+00
   3.1248000e-01  -1.1289600e+00
   3.1392000e-01  -1.1289600e+00
   3.1440000e-01  -1.1289600e+00
   3.2192000e-01  -1.1174400e+00
   3.2976000e-01  -1.1059200e+00
   3.3024000e-01  -1.1059200e+00
   3.3072000e-01  -1.1059200e+00
   3.3136000e-01  -1.1059200e+00
   3.3776000e-01  -1.0944000e+00
   3.3888000e-01  -1.0944000e+00
   3.4768000e-01  -1.0828800e+00
   3.4848000e-01  -1.0828800e+00
   3.4880000e-01  -1.0828800e+00
   3.4912000e-01  -1.0828800e+00
   3.5520000e-01  -1.0713600e+00
   3.5568000e-01  -1.0713600e+00
   3.5632000e-01  -1.0713600e+00
   3.6320000e-01  -1.0598400e+00
   3.6352000e-01  -1.0598400e+00
   3.6384000e-01  -1.0598400e+00
   3.6448000e-01  -1.0598400e+00
   3.6496000e-01  -1.0598400e+00
   3.7232000e-01  -1.0483200e+00
   3.7264000e-01  -1.0483200e+00
   3.7360000e-01  -1.0483200e+00
   3.7968000e-01  -1.0368000e+00
   3.8016000e-01  -1.0368000e+00
   3.8064000e-01  -1.0368000e+00
   3.8128000e-01  -1.0368000e+00
   3.8160000e-01  -1.0368000e+00
   3.8720000e-01  -1.0252800e+00
   3.8768000e-01  -1.0252800e+00
   3.8832000e-01  -1.0252800e+00
   3.8880000e-01  -1.0252800e+00
   3.8944000e-01  -1.0252800e+00
   3.9664000e-01  -1.0137600e+00
   4.1632000e-01  -9.9072000e-01
   4.1680000e-01  -9.9072000e-01
   4.2528000e-01  -9.7920000e-01
   4.2624000e-01  -9.7920000e-01
   4.3392000e-01  -9.6768000e-01
   4.4592000e-01  -9.5616000e-01
   4.4688000e-01  -9.5616000e-01
   4.5664000e-01  -9.4464000e-01
   4.5728000e-01  -9.4464000e-01
   4.5760000e-01  -9.4464000e-01
   4.6560000e-01  -9.3312000e-01
   4.6592000e-01  -9.3312000e-01
   4.6624000e-01  -9.3312000e-01
   4.7648000e-01  -9.2160000e-01
   4.8480000e-01  -9.1008000e-01
   4.8512000e-01  -9.1008000e-01
   4.9632000e-01  -8.9856000e-01
   4.9728000e-01  -8.9856000e-01
   5.0464000e-01  -8.8704000e-01
   5.0496000e-01  -8.8704000e-01
   5.0528000e-01  -8.8704000e-01
   5.1696000e-01  -8.7552000e-01
   5.1760000e-01  -8.7552000e-01
   5.1872000e-01  -8.7552000e-01
   5.2624000e-01  -8.6400000e-01
   5.2656000e-01  -8.6400000e-01
   5.2720000e-01  -8.6400000e-01
   5.2768000e-01  -8.6400000e-01
   5.2816000e-01  -8.6400000e-01
   5.3712000e-01  -8.5248000e-01
   5.3808000e-01  -8.5248000e-01
   5.3840000e-01  -8.5248000e-01
   5.3952000e-01  -8.5248000e-01
   5.3984000e-01  -8.5248000e-01
   5.4736000e-01  -8.4096000e-01
   5.4800000e-01  -8.4096000e-01
   5.4848000e-01  -8.4096000e-01
   5.4880000e-01  -8.4096000e-01
   5.4928000e-01  -8.4096000e-01
   5.5024000e-01  -8.4096000e-01
   5.6032000e-01  -8.2944000e-01
   5.6160000e-01  -8.2944000e-01
   5.6208000e-01  -8.2944000e-01
   5.6240000e-01  -8.2944000e-01
   5.7008000e-01  -8.1792000e-01
   5.7152000e-01  -8.1792000e-01
   5.7200000e-01  -8.1792000e-01
   5.7280000e-01  -8.1792000e-01
   5.7344000e-01  -8.1792000e-01
   5.7376000e-01  -8.1792000e-01
   5.8256000e-01  -8.0640000e-01
   5.8336000e-01  -8.0640000e-01
   5.8368000e-01  -8.0640000e-01
   5.8464000e-01  -8.0640000e-01
   5.8496000e-01  -8.0640000e-01
   5.9744000e-01  -7.9488000e-01
   5.9792000e-01  -7.9488000e-01
   5.9888000e-01  -7.9488000e-01
   6.0624000e-01  -7.8336000e-01
   6.0656000e-01  -7.8336000e-01
   6.0688000e-01  -7.8336000e-01
   6.0816000e-01  -7.8336000e-01
   6.0880000e-01  -7.8336000e-01
   6.2096000e-01  -7.7184000e-01
   6.2160000e-01  -7.7184000e-01
   6.2208000e-01  -7.7184000e-01
   6.2256000e-01  -7.7184000e-01
   6.2304000e-01  -7.7184000e-01
   6.3216000e-01  -7.6032000e-01
   6.3296000e-01  -7.6032000e-01
   6.3392000e-01  -7.6032000e-01
   6.3440000e-01  -7.6032000e-01
   6.3472000e-01  -7.6032000e-01
   6.3552000e-01  -7.6032000e-01
   6.4288000e-01  -7.4880000e-01
   6.4368000e-01  -7.4880000e-01
   6.4416000e-01  -7.4880000e-01
   6.4480000e-01  -7.4880000e-01
   6.4512000e-01  -7.4880000e-01
   6.4560000e-01  -7.4880000e-01
   6.4592000e-01  -7.4880000e-01
   6.5760000e-01  -7.3728000e-01
   6.5840000e-01  -7.3728000e-01
   6.5888000e-01  -7.3728000e-01
   6.5968000e-01  -7.3728000e-01
   6.6000000e-01  -7.3728000e-01
   6.6080000e-01  -7.3728000e-01
   6.6128000e-01  -7.3728000e-01
   6.7392000e-01  -7.2576000e-01
   6.7424000e-01  -7.2576000e-01
   6.7552000e-01  -7.2576000e-01
   6.7632000e-01  -7.2576000e-01
   6.7792000e-01  -7.2576000e-01
   6.8480000e-01  -7.1424000e-01
   6.8512000e-01  -7.1424000e-01
   6.8576000e-01  -7.1424000e-01
   6.8672000e-01  -7.1424000e-01
   7.0160000e-01  -7.0272000e-01
   7.0288000e-01  -7.0272000e-01
   7.0432000e-01  -7.0272000e-01
   7.0464000e-01  -7.0272000e-01
   7.1648000e-01  -6.9120000e-01
   7.1680000e-01  -6.9120000e-01
   7.1760000e-01  -6.9120000e-01
   7.1824000e-01  -6.9120000e-01
   7.3168000e-01  -6.7968000e-01
   7.3440000e-01  -6.7968000e-01
   7.3504000e-01  -6.7968000e-01
   7.3616000e-01  -6.7968000e-01
   7.4576000e-01  -6.6816000e-01
   7.4624000e-01  -6.6816000e-01
   7.4672000e-01  -6.6816000e-01
   7.4704000e-01  -6.6816000e-01
   7.4736000e-01  -6.6816000e-01
   7.4784000e-01  -6.6816000e-01
   7.4896000e-01  -6.6816000e-01
   7.4960000e-01  -6.6816000e-01
   7.5040000e-01  -6.6816000e-01
   7.5072000e-01  -6.6816000e-01
   7.5104000e-01  -6.6816000e-01
   7.6464000e-01  -6.5664000e-01
   7.6592000e-01  -6.5664000e-01
   7.6688000e-01  -6.5664000e-01
   7.6736000e-01  -6.5664000e-01
   7.6800000e-01  -6.5664000e-01
   7.6848000e-01  -6.5664000e-01
   7.8048000e-01  -6.4512000e-01
   7.8192000e-01  -6.4512000e-01
   7.8240000e-01  -6.4512000e-01
   7.8288000e-01  -6.4512000e-01
   7.8352000e-01  -6.4512000e-01
   8.0096000e-01  -6.3360000e-01
   8.0128000e-01  -6.3360000e-01
   8.0304000e-01  -6.3360000e-01
   8.2080000e-01  -6.2208000e-01
   8.2128000e-01  -6.2208000e-01
   8.2176000e-01  -6.2208000e-01
   8.2240000e-01  -6.2208000e-01
   8.2272000e-01  -6.2208000e-01
   8.2416000e-01  -6.2208000e-01
   8.4336000e-01  -6.1056000e-01
   8.4432000e-01  -6.1056000e-01
   8.6480000e-01  -5.9904000e-01
   8.6528000e-01  -5.9904000e-01
   8.6736000e-01  -5.9904000e-01
   8.6800000e-01  -5.9904000e-01
   8.6848000e-01  -5.9904000e-01
   8.8320000e-01  -5.8752000e-01
   8.8464000e-01  -5.8752000e-01
   8.8560000e-01  -5.8752000e-01
   8.8608000e-01  -5.8752000e-01
   8.8656000e-01  -5.8752000e-01
   8.8704000e-01  -5.8752000e-01
   8.8768000e-01  -5.8752000e-01
   8.8816000e-01  -5.8752000e-01
   8.8928000e-01  -5.8752000e-01
   8.9072000e-01  -5.8752000e-01
   8.9184000e-01  -5.8752000e-01
   9.0832000e-01  -5.7600000e-01
   9.0864000e-01  -5.7600000e-01
   9.0944000e-01  -5.7600000e-01
   9.0992000e-01  -5.7600000e-01
   9.1088000e-01  -5.7600000e-01
   9.1136000e-01  -5.7600000e-01
   9.1168000e-01  -5.7600000e-01
   9.1200000e-01  -5.7600000e-01
   9.1232000e-01  -5.7600000e-01
   9.1344000e-01  -5.7600000e-01
   9.1568000e-01  -5.7600000e-01
   9.2944000e-01  -5.6448000e-01
   9.3120000e-01  -5.6448000e-01
   9.3232000e-01  -5.6448000e-01
   9.3408000e-01  -5.6448000e-01
   9.3472000e-01  -5.6448000e-01
   9.3504000e-01  -5.6448000e-01
   9.5088000e-01  -5.5296000e-01
   9.5456000e-01  -5.5296000e-01
   9.5632000e-01  -5.5296000e-01
   9.6000000e-01  -5.5296000e-01
   9.6112000e-01  -5.5296000e-01
   9.6176000e-01  -5.5296000e-01
   9.6224000e-01  -5.5296000e-01
   9.7664000e-01  -5.4144000e-01
   9.7728000e-01  -5.4144000e-01
   9.7760000e-01  -5.4144000e-01
   9.7856000e-01  -5.4144000e-01
   9.7920000e-01  -5.4144000e-01
   9.8016000e-01  -5.4144000e-01
   9.8080000e-01  -5.4144000e-01
   9.8176000e-01  -5.4144000e-01
   9.9872000e-01  -5.2992000e-01
   1.0019000e+00  -5.2992000e-01
   1.0022000e+00  -5.2992000e-01
   1.0027000e+00  -5.2992000e-01
   1.0032000e+00  -5.2992000e-01
   1.0038000e+00  -5.2992000e-01
   1.0042000e+00  -5.2992000e-01
   1.0046000e+00  -5.2992000e-01
   1.0078000e+00  -5.2992000e-01
   1.0274000e+00  -5.1840000e-01
   1.0278000e+00  -5.1840000e-01
   1.0307000e+00  -5.1840000e-01
   1.0325000e+00  -5.1840000e-01
   1.0334000e+00  -5.1840000e-01
   1.0342000e+00  -5.1840000e-01
   1.0354000e+00  -5.1840000e-01
   1.0563000e+00  -5.0688000e-01
   1.0571000e+00  -5.0688000e-01
   1.0574000e+00  -5.0688000e-01
   1.0579000e+00  -5.0688000e-01
   1.0582000e+00  -5.0688000e-01
   1.0829000e+00  -4.9536000e-01
   1.0834000e+00  -4.9536000e-01
   1.0838000e+00  -4.9536000e-01
   1.0854000e+00  -4.9536000e-01
   1.0859000e+00  -4.9536000e-01
   1.0866000e+00  -4.9536000e-01
   1.0883000e+00  -4.9536000e-01
   1.0886000e+00  -4.9536000e-01
   1.0891000e+00  -4.9536000e-01
   1.0896000e+00  -4.9536000e-01
   1.0907000e+00  -4.9536000e-01
   1.0926000e+00  -4.9536000e-01
   1.0939000e+00  -4.9536000e-01
   1.1141000e+00  -4.8384000e-01
   1.1165000e+00  -4.8384000e-01
   1.1170000e+00  -4.8384000e-01
   1.1178000e+00  -4.8384000e-01
   1.1194000e+00  -4.8384000e-01
   1.1206000e+00  -4.8384000e-01
   1.1214000e+00  -4.8384000e-01
   1.1427000e+00  -4.7232000e-01
   1.1432000e+00  -4.7232000e-01
   1.1437000e+00  -4.7232000e-01
   1.1456000e+00  -4.7232000e-01
   1.1459000e+00  -4.7232000e-01
   1.1464000e+00  -4.7232000e-01
   1.1467000e+00  -4.7232000e-01
   1.1472000e+00  -4.7232000e-01
   1.1475000e+00  -4.7232000e-01
   1.1482000e+00  -4.7232000e-01
   1.1490000e+00  -4.7232000e-01
   1.1501000e+00  -4.7232000e-01
   1.1506000e+00  -4.7232000e-01
   1.1522000e+00  -4.7232000e-01
   1.1525000e+00  -4.7232000e-01
   1.1534000e+00  -4.7232000e-01
   1.1542000e+00  -4.7232000e-01
   1.1746000e+00  -4.6080000e-01
   1.1749000e+00  -4.6080000e-01
   1.1752000e+00  -4.6080000e-01
   1.1765000e+00  -4.6080000e-01
   1.1779000e+00  -4.6080000e-01
   1.1790000e+00  -4.6080000e-01
   1.1794000e+00  -4.6080000e-01
   1.1798000e+00  -4.6080000e-01
   1.1802000e+00  -4.6080000e-01
   1.1806000e+00  -4.6080000e-01
   1.1816000e+00  -4.6080000e-01
   1.1819000e+00  -4.6080000e-01
   1.1843000e+00  -4.6080000e-01
   1.2075000e+00  -4.4928000e-01
   1.2078000e+00  -4.4928000e-01
   1.2101000e+00  -4.4928000e-01
   1.2107000e+00  -4.4928000e-01
   1.2134000e+00  -4.4928000e-01
   1.2144000e+00  -4.4928000e-01
   1.2150000e+00  -4.4928000e-01
   1.2158000e+00  -4.4928000e-01
   1.2168000e+00  -4.4928000e-01
   1.2173000e+00  -4.4928000e-01
   1.2203000e+00  -4.4928000e-01
   1.2426000e+00  -4.3776000e-01
   1.2430000e+00  -4.3776000e-01
   1.2437000e+00  -4.3776000e-01
   1.2446000e+00  -4.3776000e-01
   1.2459000e+00  -4.3776000e-01
   1.2467000e+00  -4.3776000e-01
   1.2475000e+00  -4.3776000e-01
   1.2480000e+00  -4.3776000e-01
   1.2485000e+00  -4.3776000e-01
   1.2490000e+00  -4.3776000e-01
   1.2520000e+00  -4.3776000e-01
   1.2530000e+00  -4.3776000e-01
   1.2533000e+00  -4.3776000e-01
   1.2547000e+00  -4.3776000e-01
   1.2552000e+00  -4.3776000e-01
   1.2557000e+00  -4.3776000e-01
   1.2830000e+00  -4.2624000e-01
   1.2859000e+00  -4.2624000e-01
   1.2894000e+00  -4.2624000e-01
   1.2901000e+00  -4.2624000e-01
   1.2909000e+00  -4.2624000e-01
   1.2920000e+00  -4.2624000e-01
   1.2926000e+00  -4.2624000e-01
   1.2936000e+00  -4.2624000e-01
   1.2950000e+00  -4.2624000e-01
   1.2954000e+00  -4.2624000e-01
   1.2962000e+00  -4.2624000e-01
   1.2966000e+00  -4.2624000e-01
   1.2986000e+00  -4.2624000e-01
   1.3002000e+00  -4.2624000e-01
   1.3005000e+00  -4.2624000e-01
   1.3013000e+00  -4.2624000e-01
   1.3029000e+00  -4.2624000e-01
   1.3230000e+00  -4.1472000e-01
   1.3251000e+00  -4.1472000e-01
   1.3258000e+00  -4.1472000e-01
   1.3262000e+00  -4.1472000e-01
   1.3269000e+00  -4.1472000e-01
   1.3285000e+00  -4.1472000e-01
   1.3288000e+00  -4.1472000e-01
   1.3293000e+00  -4.1472000e-01
   1.3309000e+00  -4.1472000e-01
   1.3331000e+00  -4.1472000e-01
   1.3336000e+00  -4.1472000e-01
   1.3344000e+00  -4.1472000e-01
   1.3355000e+00  -4.1472000e-01
   1.3358000e+00  -4.1472000e-01
   1.3661000e+00  -4.0320000e-01
   1.3675000e+00  -4.0320000e-01
   1.3728000e+00  -4.0320000e-01
   1.3734000e+00  -4.0320000e-01
   1.3742000e+00  -4.0320000e-01
   1.3747000e+00  -4.0320000e-01
   1.3758000e+00  -4.0320000e-01
   1.3762000e+00  -4.0320000e-01
   1.3802000e+00  -4.0320000e-01
   1.4094000e+00  -3.9168000e-01
   1.4114000e+00  -3.9168000e-01
   1.4123000e+00  -3.9168000e-01
   1.4147000e+00  -3.9168000e-01
   1.4160000e+00  -3.9168000e-01
   1.4174000e+00  -3.9168000e-01
   1.4178000e+00  -3.9168000e-01
   1.4195000e+00  -3.9168000e-01
   1.4203000e+00  -3.9168000e-01
   1.4208000e+00  -3.9168000e-01
   1.4214000e+00  -3.9168000e-01
   1.4221000e+00  -3.9168000e-01
   1.4226000e+00  -3.9168000e-01
   1.4234000e+00  -3.9168000e-01
   1.4242000e+00  -3.9168000e-01
   1.4250000e+00  -3.9168000e-01
   1.4283000e+00  -3.9168000e-01
   1.4333000e+00  -3.9168000e-01
   1.4565000e+00  -3.8016000e-01
   1.4571000e+00  -3.8016000e-01
   1.4574000e+00  -3.8016000e-01
   1.4584000e+00  -3.8016000e-01
   1.4592000e+00  -3.8016000e-01
   1.4595000e+00  -3.8016000e-01
   1.4598000e+00  -3.8016000e-01
   1.4606000e+00  -3.8016000e-01
   1.4621000e+00  -3.8016000e-01
   1.4624000e+00  -3.8016000e-01
   1.4630000e+00  -3.8016000e-01
   1.4638000e+00  -3.8016000e-01
   1.4643000e+00  -3.8016000e-01
   1.4651000e+00  -3.8016000e-01
   1.4683000e+00  -3.8016000e-01
   1.4726000e+00  -3.8016000e-01
   1.4736000e+00  -3.8016000e-01
   1.4741000e+00  -3.8016000e-01
   1.4752000e+00  -3.8016000e-01
   1.4757000e+00  -3.8016000e-01
   1.5064000e+00  -3.6864000e-01
   1.5162000e+00  -3.6864000e-01
   1.5171000e+00  -3.6864000e-01
   1.5176000e+00  -3.6864000e-01
   1.5181000e+00  -3.6864000e-01
   1.5189000e+00  -3.6864000e-01
   1.5194000e+00  -3.6864000e-01
   1.5198000e+00  -3.6864000e-01
   1.5202000e+00  -3.6864000e-01
   1.5206000e+00  -3.6864000e-01
   1.5218000e+00  -3.6864000e-01
   1.5626000e+00  -3.5712000e-01
   1.5629000e+00  -3.5712000e-01
   1.5635000e+00  -3.5712000e-01
   1.5654000e+00  -3.5712000e-01
   1.5658000e+00  -3.5712000e-01
   1.5661000e+00  -3.5712000e-01
   1.5667000e+00  -3.5712000e-01
   1.5675000e+00  -3.5712000e-01
   1.5688000e+00  -3.5712000e-01
   1.5691000e+00  -3.5712000e-01
   1.5698000e+00  -3.5712000e-01
   1.5702000e+00  -3.5712000e-01
   1.5710000e+00  -3.5712000e-01
   1.5715000e+00  -3.5712000e-01
   1.5722000e+00  -3.5712000e-01
   1.5738000e+00  -3.5712000e-01
   1.5744000e+00  -3.5712000e-01
   1.5747000e+00  -3.5712000e-01
   1.5757000e+00  -3.5712000e-01
   1.5760000e+00  -3.5712000e-01
   1.5763000e+00  -3.5712000e-01
   1.5768000e+00  -3.5712000e-01
   1.5782000e+00  -3.5712000e-01
   1.5790000e+00  -3.5712000e-01
   1.5797000e+00  -3.5712000e-01
   1.6227000e+00  -3.4560000e-01
   1.6261000e+00  -3.4560000e-01
   1.6277000e+00  -3.4560000e-01
   1.6288000e+00  -3.4560000e-01
   1.6293000e+00  -3.4560000e-01
   1.6299000e+00  -3.4560000e-01
   1.6302000e+00  -3.4560000e-01
   1.6306000e+00  -3.4560000e-01
   1.6309000e+00  -3.4560000e-01
   1.6312000e+00  -3.4560000e-01
   1.6320000e+00  -3.4560000e-01
   1.6325000e+00  -3.4560000e-01
   1.6338000e+00  -3.4560000e-01
   1.6346000e+00  -3.4560000e-01
   1.6354000e+00  -3.4560000e-01
   1.6358000e+00  -3.4560000e-01
   1.6362000e+00  -3.4560000e-01
   1.6392000e+00  -3.4560000e-01
   1.6408000e+00  -3.4560000e-01
   1.6413000e+00  -3.4560000e-01
   1.6418000e+00  -3.4560000e-01
   1.6424000e+00  -3.4560000e-01
   1.6824000e+00  -3.3408000e-01
   1.6830000e+00  -3.3408000e-01
   1.6870000e+00  -3.3408000e-01
   1.6901000e+00  -3.3408000e-01
   1.6910000e+00  -3.3408000e-01
   1.6915000e+00  -3.3408000e-01
   1.6922000e+00  -3.3408000e-01
   1.6930000e+00  -3.3408000e-01
   1.6934000e+00  -3.3408000e-01
   1.6939000e+00  -3.3408000e-01
   1.6958000e+00  -3.3408000e-01
   1.6965000e+00  -3.3408000e-01
   1.6971000e+00  -3.3408000e-01
   1.6974000e+00  -3.3408000e-01
   1.6978000e+00  -3.3408000e-01
   1.6989000e+00  -3.3408000e-01
   1.6997000e+00  -3.3408000e-01
   1.7003000e+00  -3.3408000e-01
   1.7010000e+00  -3.3408000e-01
   1.7014000e+00  -3.3408000e-01
   1.7021000e+00  -3.3408000e-01
   1.7040000e+00  -3.3408000e-01
   1.7096000e+00  -3.3408000e-01
   1.7146000e+00  -3.3408000e-01
   1.7157000e+00  -3.3408000e-01
   1.7509000e+00  -3.2256000e-01
   1.7558000e+00  -3.2256000e-01
   1.7570000e+00  -3.2256000e-01
   1.7574000e+00  -3.2256000e-01
   1.7587000e+00  -3.2256000e-01
   1.7592000e+00  -3.2256000e-01
   1.7621000e+00  -3.2256000e-01
   1.7624000e+00  -3.2256000e-01
   1.7635000e+00  -3.2256000e-01
   1.7642000e+00  -3.2256000e-01
   1.7648000e+00  -3.2256000e-01
   1.7654000e+00  -3.2256000e-01
   1.7658000e+00  -3.2256000e-01
   1.7661000e+00  -3.2256000e-01
   1.7669000e+00  -3.2256000e-01
   1.7672000e+00  -3.2256000e-01
   1.7678000e+00  -3.2256000e-01
   1.7685000e+00  -3.2256000e-01
   1.7693000e+00  -3.2256000e-01
   1.7696000e+00  -3.2256000e-01
   1.7699000e+00  -3.2256000e-01
   1.7707000e+00  -3.2256000e-01
   1.7718000e+00  -3.2256000e-01
   1.7731000e+00  -3.2256000e-01
   1.7762000e+00  -3.2256000e-01
   1.7768000e+00  -3.2256000e-01
   1.7773000e+00  -3.2256000e-01
   1.7784000e+00  -3.2256000e-01
   1.7795000e+00  -3.2256000e-01
   1.7802000e+00  -3.2256000e-01
   1.7806000e+00  -3.2256000e-01
   1.7811000e+00  -3.2256000e-01
   1.7818000e+00  -3.2256000e-01
   1.7837000e+00  -3.2256000e-01
   1.8240000e+00  -3.1104000e-01
   1.8253000e+00  -3.1104000e-01
   1.8298000e+00  -3.1104000e-01
   1.8366000e+00  -3.1104000e-01
   1.8373000e+00  -3.1104000e-01
   1.8381000e+00  -3.1104000e-01
   1.8387000e+00  -3.1104000e-01
   1.8392000e+00  -3.1104000e-01
   1.8408000e+00  -3.1104000e-01
   1.8411000e+00  -3.1104000e-01
   1.8421000e+00  -3.1104000e-01
   1.8438000e+00  -3.1104000e-01
   1.8450000e+00  -3.1104000e-01
   1.8477000e+00  -3.1104000e-01
   1.8485000e+00  -3.1104000e-01
   1.8498000e+00  -3.1104000e-01
   1.8517000e+00  -3.1104000e-01
   1.8536000e+00  -3.1104000e-01
   1.8542000e+00  -3.1104000e-01
   1.8547000e+00  -3.1104000e-01
   1.8554000e+00  -3.1104000e-01
   1.9221000e+00  -2.9952000e-01
   1.9224000e+00  -2.9952000e-01
   1.9229000e+00  -2.9952000e-01
   1.9235000e+00  -2.9952000e-01
   1.9240000e+00  -2.9952000e-01
   1.9246000e+00  -2.9952000e-01
   1.9251000e+00  -2.9952000e-01
   1.9256000e+00  -2.9952000e-01
   1.9259000e+00  -2.9952000e-01
   1.9264000e+00  -2.9952000e-01
   1.9272000e+00  -2.9952000e-01
   1.9286000e+00  -2.9952000e-01
   1.9293000e+00  -2.9952000e-01
   1.9298000e+00  -2.9952000e-01
   1.9309000e+00  -2.9952000e-01
   1.9322000e+00  -2.9952000e-01
   1.9336000e+00  -2.9952000e-01
   1.9357000e+00  -2.9952000e-01
   1.9363000e+00  -2.9952000e-01
   1.9371000e+00  -2.9952000e-01
   1.9374000e+00  -2.9952000e-01
   1.9379000e+00  -2.9952000e-01
   1.9389000e+00  -2.9952000e-01
   1.9395000e+00  -2.9952000e-01
   1.9403000e+00  -2.9952000e-01
   1.9413000e+00  -2.9952000e-01
   1.9430000e+00  -2.9952000e-01
   1.9434000e+00  -2.9952000e-01
   1.9438000e+00  -2.9952000e-01
   1.9528000e+00  -2.9952000e-01
   1.9554000e+00  -2.9952000e-01
   1.9597000e+00  -2.9952000e-01
   1.9608000e+00  -2.9952000e-01
   1.9990000e+00  -2.8800000e-01
   2.0046000e+00  -2.8800000e-01
   2.0056000e+00  -2.8800000e-01
   2.0075000e+00  -2.8800000e-01
   2.0093000e+00  -2.8800000e-01
   2.0136000e+00  -2.8800000e-01
   2.0141000e+00  -2.8800000e-01
   2.0146000e+00  -2.8800000e-01
   2.0158000e+00  -2.8800000e-01
   2.0171000e+00  -2.8800000e-01
   2.0176000e+00  -2.8800000e-01
   2.0186000e+00  -2.8800000e-01
   2.0195000e+00  -2.8800000e-01
   2.0202000e+00  -2.8800000e-01
   2.0216000e+00  -2.8800000e-01
   2.0254000e+00  -2.8800000e-01
   2.0266000e+00  -2.8800000e-01
   2.0270000e+00  -2.8800000e-01
   2.0306000e+00  -2.8800000e-01
   2.0315000e+00  -2.8800000e-01
   2.0323000e+00  -2.8800000e-01
   2.0334000e+00  -2.8800000e-01
   2.0342000e+00  -2.8800000e-01
   2.0347000e+00  -2.8800000e-01
   2.0397000e+00  -2.8800000e-01
   2.0966000e+00  -2.7648000e-01
   2.1061000e+00  -2.7648000e-01
   2.1064000e+00  -2.7648000e-01
   2.1091000e+00  -2.7648000e-01
   2.1154000e+00  -2.7648000e-01
   2.1162000e+00  -2.7648000e-01
   2.1173000e+00  -2.7648000e-01
   2.1176000e+00  -2.7648000e-01
   2.1181000e+00  -2.7648000e-01
   2.1184000e+00  -2.7648000e-01
   2.1189000e+00  -2.7648000e-01
   2.1195000e+00  -2.7648000e-01
   2.1202000e+00  -2.7648000e-01
   2.1208000e+00  -2.7648000e-01
   2.1213000e+00  -2.7648000e-01
   2.1222000e+00  -2.7648000e-01
   2.1229000e+00  -2.7648000e-01
   2.1234000e+00  -2.7648000e-01
   2.1238000e+00  -2.7648000e-01
   2.1243000e+00  -2.7648000e-01
   2.1251000e+00  -2.7648000e-01
   2.1256000e+00  -2.7648000e-01
   2.1264000e+00  -2.7648000e-01
   2.1267000e+00  -2.7648000e-01
   2.1272000e+00  -2.7648000e-01
   2.1280000e+00  -2.7648000e-01
   2.1288000e+00  -2.7648000e-01
   2.1296000e+00  -2.7648000e-01
   2.1301000e+00  -2.7648000e-01
   2.1310000e+00  -2.7648000e-01
   2.1317000e+00  -2.7648000e-01
   2.1328000e+00  -2.7648000e-01
   2.1338000e+00  -2.7648000e-01
   2.1341000e+00  -2.7648000e-01
   2.1347000e+00  -2.7648000e-01
   2.1358000e+00  -2.7648000e-01
   2.1366000e+00  -2.7648000e-01
   2.1389000e+00  -2.7648000e-01
   2.1395000e+00  -2.7648000e-01
   2.1398000e+00  -2.7648000e-01
   2.1406000e+00  -2.7648000e-01
   2.1411000e+00  -2.7648000e-01
   2.1446000e+00  -2.7648000e-01
   2.1466000e+00  -2.7648000e-01
   2.1480000e+00  -2.7648000e-01
   2.1514000e+00  -2.7648000e-01
   2.1530000e+00  -2.7648000e-01
   2.1554000e+00  -2.7648000e-01
   2.2178000e+00  -2.6496000e-01
   2.2181000e+00  -2.6496000e-01
   2.2184000e+00  -2.6496000e-01
   2.2219000e+00  -2.6496000e-01
   2.2230000e+00  -2.6496000e-01
   2.2238000e+00  -2.6496000e-01
   2.2243000e+00  -2.6496000e-01
   2.2248000e+00  -2.6496000e-01
   2.2253000e+00  -2.6496000e-01
   2.2259000e+00  -2.6496000e-01
   2.2264000e+00  -2.6496000e-01
   2.2277000e+00  -2.6496000e-01
   2.2283000e+00  -2.6496000e-01
   2.2301000e+00  -2.6496000e-01
   2.2304000e+00  -2.6496000e-01
   2.2309000e+00  -2.6496000e-01
   2.2325000e+00  -2.6496000e-01
   2.2355000e+00  -2.6496000e-01
   2.2358000e+00  -2.6496000e-01
   2.2374000e+00  -2.6496000e-01
   2.2381000e+00  -2.6496000e-01
   2.2390000e+00  -2.6496000e-01
   2.2395000e+00  -2.6496000e-01
   2.2402000e+00  -2.6496000e-01
   2.2406000e+00  -2.6496000e-01
   2.2410000e+00  -2.6496000e-01
   2.2416000e+00  -2.6496000e-01
   2.2422000e+00  -2.6496000e-01
   2.2442000e+00  -2.6496000e-01
   2.2446000e+00  -2.6496000e-01
   2.2456000e+00  -2.6496000e-01
   2.2459000e+00  -2.6496000e-01
   2.2480000e+00  -2.6496000e-01
   2.2491000e+00  -2.6496000e-01
   2.2494000e+00  -2.6496000e-01
   2.2504000e+00  -2.6496000e-01
   2.2523000e+00  -2.6496000e-01
   2.2526000e+00  -2.6496000e-01
   2.2531000e+00  -2.6496000e-01
   2.2546000e+00  -2.6496000e-01
   2.2554000e+00  -2.6496000e-01
   2.2610000e+00  -2.6496000e-01
   2.2613000e+00  -2.6496000e-01
   2.2616000e+00  -2.6496000e-01
   2.3442000e+00  -2.5344000e-01
   2.3451000e+00  -2.5344000e-01
   2.3488000e+00  -2.5344000e-01
   2.3565000e+00  -2.5344000e-01
   2.3570000e+00  -2.5344000e-01
   2.3574000e+00  -2.5344000e-01
   2.3584000e+00  -2.5344000e-01
   2.3614000e+00  -2.5344000e-01
   2.3619000e+00  -2.5344000e-01
   2.3622000e+00  -2.5344000e-01
   2.3626000e+00  -2.5344000e-01
   2.3632000e+00  -2.5344000e-01
   2.3637000e+00  -2.5344000e-01
   2.3643000e+00  -2.5344000e-01
   2.3648000e+00  -2.5344000e-01
   2.3658000e+00  -2.5344000e-01
   2.3675000e+00  -2.5344000e-01
   2.3680000e+00  -2.5344000e-01
   2.3694000e+00  -2.5344000e-01
   2.3701000e+00  -2.5344000e-01
   2.3715000e+00  -2.5344000e-01
   2.3722000e+00  -2.5344000e-01
   2.3733000e+00  -2.5344000e-01
   2.3739000e+00  -2.5344000e-01
   2.3742000e+00  -2.5344000e-01
   2.3746000e+00  -2.5344000e-01
   2.3755000e+00  -2.5344000e-01
   2.3758000e+00  -2.5344000e-01
   2.3774000e+00  -2.5344000e-01
   2.3781000e+00  -2.5344000e-01
   2.3786000e+00  -2.5344000e-01
   2.3789000e+00  -2.5344000e-01
   2.3816000e+00  -2.5344000e-01
   2.3830000e+00  -2.5344000e-01
   2.3842000e+00  -2.5344000e-01
   2.3912000e+00  -2.5344000e-01
   2.3915000e+00  -2.5344000e-01
   2.3922000e+00  -2.5344000e-01
   2.3933000e+00  -2.5344000e-01
   2.3936000e+00  -2.5344000e-01
   2.3944000e+00  -2.5344000e-01
   2.4000000e+00  -2.5344000e-01
   2.4619000e+00  -2.4192000e-01
   2.4626000e+00  -2.4192000e-01
   2.4648000e+00  -2.4192000e-01
   2.4651000e+00  -2.4192000e-01
   2.4654000e+00  -2.4192000e-01
   2.4658000e+00  -2.4192000e-01
   2.4662000e+00  -2.4192000e-01
   2.4672000e+00  -2.4192000e-01
   2.4680000e+00  -2.4192000e-01
   2.4685000e+00  -2.4192000e-01
   2.4691000e+00  -2.4192000e-01
   2.4702000e+00  -2.4192000e-01
   2.4712000e+00  -2.4192000e-01
   2.4733000e+00  -2.4192000e-01
   2.4736000e+00  -2.4192000e-01
   2.4758000e+00  -2.4192000e-01
   2.4771000e+00  -2.4192000e-01
   2.4781000e+00  -2.4192000e-01
   2.4784000e+00  -2.4192000e-01
   2.4790000e+00  -2.4192000e-01
   2.4797000e+00  -2.4192000e-01
   2.4802000e+00  -2.4192000e-01
   2.4806000e+00  -2.4192000e-01
   2.4811000e+00  -2.4192000e-01
   2.4814000e+00  -2.4192000e-01
   2.4835000e+00  -2.4192000e-01
   2.4842000e+00  -2.4192000e-01
   2.4859000e+00  -2.4192000e-01
   2.4866000e+00  -2.4192000e-01
   2.4869000e+00  -2.4192000e-01
   2.4872000e+00  -2.4192000e-01
   2.4878000e+00  -2.4192000e-01
   2.4883000e+00  -2.4192000e-01
   2.4886000e+00  -2.4192000e-01
   2.4893000e+00  -2.4192000e-01
   2.4901000e+00  -2.4192000e-01
   2.4904000e+00  -2.4192000e-01
   2.4922000e+00  -2.4192000e-01
   2.4925000e+00  -2.4192000e-01
   2.4930000e+00  -2.4192000e-01
   2.4933000e+00  -2.4192000e-01
   2.4947000e+00  -2.4192000e-01
   2.4954000e+00  -2.4192000e-01
   2.4962000e+00  -2.4192000e-01
   2.4965000e+00  -2.4192000e-01
   2.5010000e+00  -2.4192000e-01
   2.5019000e+00   8.9856000e-01
   2.5027000e+00   7.3728000e-01
   2.5035000e+00   5.2992000e-01
   2.5043000e+00   1.0483200e+00
   2.5050000e+00   5.5296000e-01
   2.5056000e+00   5.1840000e-01
   2.5062000e+00   8.5248000e-01
   2.5069000e+00  -3.2256000e-01
   2.5074000e+00   4.9536000e-01
   2.5078000e+00   4.9536000e-01
   2.5083000e+00   1.3824000e-01
   2.5088000e+00   1.6128000e-01
   2.5093000e+00   4.7232000e-01
   2.5098000e+00   4.6080000e-02
   2.5102000e+00  -9.3312000e-01
   2.5106000e+00  -4.6080000e-02
   2.5110000e+00  -5.6448000e-01
   2.5114000e+00  -3.3408000e-01
   2.5118000e+00  -9.2160000e-01
   2.5122000e+00   2.7648000e-01
   2.5125000e+00  -8.7552000e-01
   2.5130000e+00  -1.1980800e+00
   2.5133000e+00  -5.5296000e-01
   2.5136000e+00   9.2160000e-02
   2.5139000e+00  -4.3776000e-01
   2.5142000e+00  -8.0640000e-01
   2.5146000e+00  -1.0713600e+00
   2.5149000e+00  -1.1520000e+00
   2.5152000e+00  -1.2096000e+00
   2.5155000e+00  -1.1059200e+00
   2.5158000e+00  -9.6768000e-01
   2.5162000e+00  -5.8752000e-01
   2.5165000e+00  -2.7648000e-01
   2.5168000e+00  -9.3312000e-01
   2.5171000e+00  -1.3824000e+00
   2.5176000e+00  -1.2096000e+00
   2.5179000e+00  -4.2624000e-01
   2.5182000e+00  -1.3478400e+00
   2.5187000e+00  -9.4464000e-01
   2.5190000e+00  -1.2787200e+00
   2.5195000e+00  -8.8704000e-01
   2.5203000e+00  -1.1289600e+00
   2.5208000e+00  -6.5664000e-01
   2.5213000e+00  -9.5616000e-01
   2.5218000e+00  -1.0022400e+00
   2.5222000e+00  -8.2944000e-01
   2.5227000e+00  -1.1980800e+00
   2.5234000e+00  -1.3939200e+00
   2.5238000e+00  -1.1289600e+00
   2.5245000e+00  -1.1404800e+00
   2.5251000e+00  -1.1980800e+00
   2.5258000e+00  -1.2326400e+00
   2.5266000e+00  -1.3248000e+00
   2.5274000e+00  -1.2672000e+00
   2.5283000e+00  -1.4054400e+00
   2.5286000e+00  -1.4054400e+00
   2.5293000e+00  -1.3939200e+00
   2.5299000e+00  -1.4054400e+00
   2.5307000e+00  -1.3593600e+00
   2.5314000e+00  -1.4054400e+00
   2.5317000e+00  -1.4054400e+00
   2.5325000e+00  -1.4054400e+00
   2.5330000e+00  -1.4054400e+00
   2.5339000e+00  -1.4054400e+00
   2.5350000e+00  -1.4054400e+00
   2.5451000e+00  -1.3939200e+00
   2.5462000e+00  -1.3939200e+00
   2.5496000e+00  -1.3939200e+00
   2.5533000e+00  -1.3939200e+00
   2.5539000e+00  -1.3939200e+00
   2.5549000e+00  -1.3939200e+00
   2.5552000e+00  -1.3939200e+00
   2.5557000e+00  -1.3939200e+00
   2.5560000e+00  -1.3939200e+00
   2.5566000e+00  -1.3939200e+00
   2.5570000e+00  -1.3939200e+00
   2.5590000e+00  -1.3939200e+00
   2.5606000e+00  -1.3939200e+00
   2.5614000e+00  -1.3939200e+00
   2.5762000e+00  -1.3824000e+00
   2.5766000e+00  -1.3824000e+00
   2.5771000e+00  -1.3824000e+00
   2.5776000e+00  -1.3824000e+00
   2.5781000e+00  -1.3824000e+00
   2.5786000e+00  -1.3824000e+00
   2.5792000e+00  -1.3824000e+00
   2.5797000e+00  -1.3824000e+00
   2.5802000e+00  -1.3824000e+00
   2.5806000e+00  -1.3824000e+00
   2.5934000e+00  -1.3708800e+00
   2.5941000e+00  -1.3708800e+00
   2.5946000e+00  -1.3708800e+00
   2.5955000e+00  -1.3708800e+00
   2.5965000e+00  -1.3708800e+00
   2.5970000e+00  -1.3708800e+00
   2.5979000e+00  -1.3708800e+00
   2.6093000e+00  -1.3593600e+00
   2.6120000e+00  -1.3593600e+00
   2.6134000e+00  -1.3593600e+00
   2.6146000e+00  -1.3593600e+00
   2.6240000e+00  -1.3478400e+00
   2.6245000e+00  -1.3478400e+00
   2.6250000e+00  -1.3478400e+00
   2.6254000e+00  -1.3478400e+00
   2.6259000e+00  -1.3478400e+00
   2.6264000e+00  -1.3478400e+00
   2.6280000e+00  -1.3478400e+00
   2.6286000e+00  -1.3478400e+00
   2.6298000e+00  -1.3478400e+00
   2.6301000e+00  -1.3478400e+00
   2.6360000e+00  -1.3363200e+00
   2.6376000e+00  -1.3363200e+00
   2.6381000e+00  -1.3363200e+00
   2.6387000e+00  -1.3363200e+00
   2.6392000e+00  -1.3363200e+00
   2.6400000e+00  -1.3363200e+00
   2.6496000e+00  -1.3248000e+00
   2.6499000e+00  -1.3248000e+00
   2.6515000e+00  -1.3248000e+00
   2.6520000e+00  -1.3248000e+00
   2.6523000e+00  -1.3248000e+00
   2.6530000e+00  -1.3248000e+00
   2.6539000e+00  -1.3248000e+00
   2.6622000e+00  -1.3132800e+00
   2.6629000e+00  -1.3132800e+00
   2.6638000e+00  -1.3132800e+00
   2.6642000e+00  -1.3132800e+00
   2.6658000e+00  -1.3132800e+00
   2.6742000e+00  -1.3017600e+00
   2.6746000e+00  -1.3017600e+00
   2.6752000e+00  -1.3017600e+00
   2.6757000e+00  -1.3017600e+00
   2.6846000e+00  -1.2902400e+00
   2.6853000e+00  -1.2902400e+00
   2.6861000e+00  -1.2902400e+00
   2.6866000e+00  -1.2902400e+00
   2.6957000e+00  -1.2787200e+00
   2.6962000e+00  -1.2787200e+00
   2.6968000e+00  -1.2787200e+00
   2.7054000e+00  -1.2672000e+00
   2.7059000e+00  -1.2672000e+00
   2.7062000e+00  -1.2672000e+00
   2.7069000e+00  -1.2672000e+00
   2.7082000e+00  -1.2672000e+00
   2.7162000e+00  -1.2556800e+00
   2.7168000e+00  -1.2556800e+00
   2.7254000e+00  -1.2441600e+00
   2.7259000e+00  -1.2441600e+00
   2.7266000e+00  -1.2441600e+00
   2.7275000e+00  -1.2441600e+00
   2.7357000e+00  -1.2326400e+00
   2.7360000e+00  -1.2326400e+00
   2.7363000e+00  -1.2326400e+00
   2.7366000e+00  -1.2326400e+00
   2.7440000e+00  -1.2211200e+00
   2.7448000e+00  -1.2211200e+00
   2.7539000e+00  -1.2096000e+00
   2.7635000e+00  -1.1980800e+00
   2.7643000e+00  -1.1980800e+00
   2.7646000e+00  -1.1980800e+00
   2.7725000e+00  -1.1865600e+00
   2.7728000e+00  -1.1865600e+00
   2.7734000e+00  -1.1865600e+00
   2.7739000e+00  -1.1865600e+00
   2.7784000e+00  -1.1750400e+00
   2.7790000e+00  -1.1750400e+00
   2.7803000e+00  -1.1750400e+00
   2.7808000e+00  -1.1750400e+00
   2.7886000e+00  -1.1635200e+00
   2.7890000e+00  -1.1635200e+00
   2.7893000e+00  -1.1635200e+00
   2.7896000e+00  -1.1635200e+00
   2.7899000e+00  -1.1635200e+00
   2.7902000e+00  -1.1635200e+00
   2.7962000e+00  -1.1520000e+00
   2.7971000e+00  -1.1520000e+00
   2.8048000e+00  -1.1404800e+00
   2.8139000e+00  -1.1289600e+00
   2.8214000e+00  -1.1174400e+00
   2.8222000e+00  -1.1174400e+00
   2.8310000e+00  -1.1059200e+00
   2.8323000e+00  -1.1059200e+00
   2.8381000e+00  -1.0944000e+00
   2.8387000e+00  -1.0944000e+00
   2.8392000e+00  -1.0944000e+00
   2.8470000e+00  -1.0828800e+00
   2.8475000e+00  -1.0828800e+00
   2.8482000e+00  -1.0828800e+00
   2.8555000e+00  -1.0713600e+00
   2.8558000e+00  -1.0713600e+00
   2.8645000e+00  -1.0598400e+00
   2.8654000e+00  -1.0598400e+00
   2.8726000e+00  -1.0483200e+00
   2.8805000e+00  -1.0368000e+00
   2.8811000e+00  -1.0368000e+00
   2.8882000e+00  -1.0252800e+00
   2.8886000e+00  -1.0252800e+00
   2.8893000e+00  -1.0252800e+00
   2.8899000e+00  -1.0252800e+00
   2.8906000e+00  -1.0252800e+00
   2.8965000e+00  -1.0137600e+00
   2.8970000e+00  -1.0137600e+00
   2.8973000e+00  -1.0137600e+00
   2.8992000e+00  -1.0137600e+00
   2.9064000e+00  -1.0022400e+00
   2.9067000e+00  -1.0022400e+00
   2.9155000e+00  -9.9072000e-01
   2.9158000e+00  -9.9072000e-01
   2.9245000e+00  -9.7920000e-01
   2.9253000e+00  -9.7920000e-01
   2.9261000e+00  -9.7920000e-01
   2.9267000e+00  -9.7920000e-01
   2.9354000e+00  -9.6768000e-01
   2.9358000e+00  -9.6768000e-01
   2.9458000e+00  -9.5616000e-01
   2.9461000e+00  -9.5616000e-01
   2.9464000e+00  -9.5616000e-01
   2.9472000e+00  -9.5616000e-01
   2.9475000e+00  -9.5616000e-01
   2.9557000e+00  -9.4464000e-01
   2.9562000e+00  -9.4464000e-01
   2.9571000e+00  -9.4464000e-01
   2.9654000e+00  -9.3312000e-01
   2.9658000e+00  -9.3312000e-01
   2.9853000e+00  -9.1008000e-01
   2.9861000e+00  -9.1008000e-01
   2.9867000e+00  -9.1008000e-01
   2.9872000e+00  -9.1008000e-01
   2.9877000e+00  -9.1008000e-01
   2.9957000e+00  -8.9856000e-01
   2.9960000e+00  -8.9856000e-01
   3.0051000e+00  -8.8704000e-01
   3.0058000e+00  -8.8704000e-01
   3.0064000e+00  -8.8704000e-01
   3.0166000e+00  -8.7552000e-01
   3.0179000e+00  -8.7552000e-01
   3.0190000e+00  -8.7552000e-01
   3.0205000e+00  -8.7552000e-01
   3.0285000e+00  -8.6400000e-01
   3.0290000e+00  -8.6400000e-01
   3.0317000e+00  -8.6400000e-01
   3.0392000e+00  -8.5248000e-01
   3.0402000e+00  -8.5248000e-01
   3.0405000e+00  -8.5248000e-01
   3.0410000e+00  -8.5248000e-01
   3.0493000e+00  -8.4096000e-01
   3.0502000e+00  -8.4096000e-01
   3.0507000e+00  -8.4096000e-01
   3.0510000e+00  -8.4096000e-01
   3.0517000e+00  -8.4096000e-01
   3.0603000e+00  -8.2944000e-01
   3.0610000e+00  -8.2944000e-01
   3.0616000e+00  -8.2944000e-01
   3.0734000e+00  -8.1792000e-01
   3.0744000e+00  -8.1792000e-01
   3.0749000e+00  -8.1792000e-01
