  -1.1888000e-01  -2.3040000e-01
  -1.1824000e-01  -2.3040000e-01
  -1.1712000e-01  -2.3040000e-01
  -1.1568000e-01  -2.3040000e-01
  -1.1520000e-01  -2.3040000e-01
  -1.1472000e-01  -2.3040000e-01
  -1.1392000e-01  -2.3040000e-01
  -1.1360000e-01  -2.3040000e-01
  -1.1296000e-01  -2.3040000e-01
  -1.1248000e-01  -2.3040000e-01
  -1.1216000e-01  -2.3040000e-01
  -1.1152000e-01  -2.3040000e-01
  -1.1040000e-01  -2.3040000e-01
  -1.0992000e-01  -2.3040000e-01
  -1.0928000e-01  -2.3040000e-01
  -1.0896000e-01  -2.3040000e-01
  -1.0784000e-01  -2.3040000e-01
  -1.0560000e-01  -2.3040000e-01
  -1.0512000e-01  -2.3040000e-01
  -1.0448000e-01  -2.3040000e-01
  -1.0400000e-01  -2.3040000e-01
  -1.0256000e-01  -2.3040000e-01
  -1.0096000e-01  -2.3040000e-01
  -1.0064000e-01  -2.3040000e-01
  -9.8560000e-02  -2.3040000e-01
  -9.8080000e-02  -2.3040000e-01
  -9.7120000e-02  -2.3040000e-01
  -9.6800000e-02  -2.3040000e-01
  -9.6160000e-02  -2.3040000e-01
  -9.1200000e-02  -2.3040000e-01
  -8.6560000e-02  -2.3040000e-01
  -7.6160000e-02  -2.3040000e-01
  -3.6320000e-02  -2.2272000e-01
  -3.5360000e-02  -2.2272000e-01
  -3.4720000e-02  -2.2272000e-01
  -3.2480000e-02  -2.2272000e-01
  -3.2000000e-02  -2.2272000e-01
  -3.1040000e-02  -2.2272000e-01
  -3.0400000e-02  -2.2272000e-01
  -2.9440000e-02  -2.2272000e-01
  -2.8960000e-02  -2.2272000e-01
  -2.8640000e-02  -2.2272000e-01
  -2.7520000e-02  -2.2272000e-01
  -2.6560000e-02  -2.2272000e-01
  -2.5280000e-02  -2.2272000e-01
  -2.4480000e-02  -2.2272000e-01
  -2.4160000e-02  -2.2272000e-01
  -2.3520000e-02  -2.2272000e-01
  -2.1280000e-02  -2.2272000e-01
  -2.0640000e-02  -2.2272000e-01
  -2.0160000e-02  -2.2272000e-01
  -1.9520000e-02  -2.2272000e-01
  -1.8720000e-02  -2.2272000e-01
  -1.7280000e-02  -2.2272000e-01
  -1.6800000e-02  -2.2272000e-01
  -1.6320000e-02  -2.2272000e-01
  -1.5680000e-02  -2.2272000e-01
  -1.4240000e-02  -2.2272000e-01
  -1.2000000e-02  -2.2272000e-01
  -7.0400000e-03  -2.2272000e-01
  -5.9200000e-03  -2.2272000e-01
  -5.2800000e-03  -2.2272000e-01
  -4.3200000e-03  -2.2272000e-01
  -3.5200000e-03  -2.2272000e-01
   9.6000000e-04   6.9120000e-01
   1.9200000e-03   6.7584000e-01
   2.7200000e-03   6.2208000e-01
   3.5200000e-03   7.0656000e-01
   4.1600000e-03   1.7664000e-01
   4.9600000e-03  -3.0720000e-02
   5.4400000e-03   1.0752000e-01
   6.0800000e-03   5.5296000e-01
   6.5600000e-03  -1.6128000e-01
   7.2000000e-03   5.3760000e-02
   7.6800000e-03   2.9184000e-01
   8.1600000e-03   2.8416000e-01
   8.6400000e-03   9.9840000e-02
   9.1200000e-03  -2.9184000e-01
   9.4400000e-03  -4.6848000e-01
   9.9200000e-03   1.8432000e-01
   1.0400000e-02  -4.6080000e-01
   1.0720000e-02  -1.1520000e-01
   1.1200000e-02  -6.0672000e-01
   1.1520000e-02   1.5360000e-01
   1.1840000e-02  -6.5280000e-01
   1.2320000e-02  -6.4512000e-01
   1.2640000e-02  -9.2160000e-02
   1.2960000e-02  -1.8432000e-01
   1.3280000e-02  -5.7600000e-01
   1.3600000e-02  -8.2176000e-01
   1.3920000e-02  -9.1392000e-01
   1.5520000e-02  -8.9088000e-01
   1.5840000e-02  -7.4496000e-01
   1.6160000e-02  -4.4544000e-01
   1.6480000e-02  -2.9952000e-01
   1.6800000e-02  -8.1408000e-01
   1.7280000e-02  -9.1392000e-01
   1.7600000e-02  -3.7632000e-01
   1.7920000e-02  -8.4480000e-01
   1.8400000e-02  -7.2192000e-01
   1.8720000e-02  -8.1408000e-01
   1.9200000e-02  -6.1440000e-01
   2.0000000e-02  -7.9104000e-01
   2.0480000e-02  -5.5296000e-01
   2.0960000e-02  -5.0688000e-01
   2.1440000e-02  -4.8384000e-01
   2.1920000e-02  -7.2960000e-01
   2.2400000e-02  -9.2928000e-01
   2.3040000e-02  -7.5264000e-01
   2.4160000e-02  -8.8320000e-01
   2.4800000e-02  -9.1392000e-01
   2.5600000e-02  -8.8320000e-01
   2.7200000e-02  -8.9088000e-01
   2.8160000e-02  -8.9856000e-01
   2.9280000e-02  -8.6784000e-01
   4.6240000e-02  -9.2928000e-01
   4.7520000e-02  -9.2928000e-01
   4.8800000e-02  -9.2928000e-01
   5.0080000e-02  -9.2928000e-01
   5.0880000e-02  -9.2928000e-01
   5.1200000e-02  -9.2928000e-01
   5.2000000e-02  -9.2928000e-01
   5.2640000e-02  -9.2928000e-01
   5.3600000e-02  -9.2928000e-01
   5.3920000e-02  -9.2928000e-01
   5.5840000e-02  -9.2928000e-01
   5.6320000e-02  -9.2928000e-01
   5.7920000e-02  -9.2928000e-01
   5.8400000e-02  -9.2928000e-01
   5.8880000e-02  -9.2928000e-01
   5.9520000e-02  -9.2928000e-01
   5.9840000e-02  -9.2928000e-01
   6.0160000e-02  -9.2928000e-01
   6.1440000e-02  -9.2928000e-01
   6.1760000e-02  -9.2928000e-01
   6.2400000e-02  -9.2928000e-01
   6.3040000e-02  -9.2928000e-01
   6.3840000e-02  -9.2928000e-01
   6.4160000e-02  -9.2928000e-01
   6.4960000e-02  -9.2928000e-01
   6.7840000e-02  -9.2928000e-01
   7.1200000e-02  -9.2928000e-01
   7.2480000e-02  -9.2928000e-01
   7.4240000e-02  -9.2928000e-01
   1.0000000e-01  -9.2160000e-01
   1.0064000e-01  -9.2160000e-01
   1.0144000e-01  -9.2160000e-01
   1.0208000e-01  -9.2160000e-01
   1.0304000e-01  -9.2160000e-01
   1.0416000e-01  -9.2160000e-01
   1.0544000e-01  -9.2160000e-01
   1.1104000e-01  -9.2160000e-01
   1.1296000e-01  -9.2160000e-01
   1.2672000e-01  -9.1392000e-01
   1.2704000e-01  -9.1392000e-01
   1.2752000e-01  -9.1392000e-01
   1.2816000e-01  -9.1392000e-01
   1.2992000e-01  -9.1392000e-01
   1.3056000e-01  -9.1392000e-01
   1.3120000e-01  -9.1392000e-01
   1.3152000e-01  -9.1392000e-01
   1.3200000e-01  -9.1392000e-01
   1.3280000e-01  -9.1392000e-01
   1.3376000e-01  -9.1392000e-01
   1.3488000e-01  -9.1392000e-01
   1.3520000e-01  -9.1392000e-01
   1.3552000e-01  -9.1392000e-01
   1.3600000e-01  -9.1392000e-01
   1.3664000e-01  -9.1392000e-01
   1.3712000e-01  -9.1392000e-01
   1.5616000e-01  -9.0624000e-01
   1.5808000e-01  -9.0624000e-01
   1.5872000e-01  -9.0624000e-01
   1.5920000e-01  -9.0624000e-01
   1.6048000e-01  -9.0624000e-01
   1.6096000e-01  -9.0624000e-01
   1.6288000e-01  -9.0624000e-01
   1.6336000e-01  -9.0624000e-01
   1.7776000e-01  -8.9856000e-01
   1.7856000e-01  -8.9856000e-01
   1.7888000e-01  -8.9856000e-01
   1.7984000e-01  -8.9856000e-01
   1.8048000e-01  -8.9856000e-01
   1.8080000e-01  -8.9856000e-01
   1.8208000e-01  -8.9856000e-01
   1.8256000e-01  -8.9856000e-01
   1.8352000e-01  -8.9856000e-01
   1.9856000e-01  -8.9088000e-01
   1.9904000e-01  -8.9088000e-01
   1.9952000e-01  -8.9088000e-01
   2.0000000e-01  -8.9088000e-01
   2.0048000e-01  -8.9088000e-01
   2.1584000e-01  -8.8320000e-01
   2.1648000e-01  -8.8320000e-01
   2.1728000e-01  -8.8320000e-01
   2.1792000e-01  -8.8320000e-01
   2.1840000e-01  -8.8320000e-01
   2.1872000e-01  -8.8320000e-01
   2.1984000e-01  -8.8320000e-01
   2.3504000e-01  -8.7552000e-01
   2.3600000e-01  -8.7552000e-01
   2.3632000e-01  -8.7552000e-01
   2.3664000e-01  -8.7552000e-01
   2.3792000e-01  -8.7552000e-01
   2.5056000e-01  -8.6784000e-01
   2.5088000e-01  -8.6784000e-01
   2.5136000e-01  -8.6784000e-01
   2.5200000e-01  -8.6784000e-01
   2.5280000e-01  -8.6784000e-01
   2.5360000e-01  -8.6784000e-01
   2.5424000e-01  -8.6784000e-01
   2.5552000e-01  -8.6784000e-01
   2.5632000e-01  -8.6784000e-01
   2.5680000e-01  -8.6784000e-01
   2.6560000e-01  -8.6016000e-01
   2.6608000e-01  -8.6016000e-01
   2.6640000e-01  -8.6016000e-01
   2.7936000e-01  -8.5248000e-01
   2.7968000e-01  -8.5248000e-01
   2.8016000e-01  -8.5248000e-01
   2.8096000e-01  -8.5248000e-01
   2.8160000e-01  -8.5248000e-01
   2.8240000e-01  -8.5248000e-01
   2.8288000e-01  -8.5248000e-01
   2.8352000e-01  -8.5248000e-01
   2.9760000e-01  -8.4480000e-01
   2.9824000e-01  -8.4480000e-01
   3.0016000e-01  -8.4480000e-01
   3.0080000e-01  -8.4480000e-01
   3.0128000e-01  -8.4480000e-01
   3.1328000e-01  -8.3712000e-01
   3.1456000e-01  -8.3712000e-01
   3.1488000e-01  -8.3712000e-01
   3.1568000e-01  -8.3712000e-01
   3.2704000e-01  -8.2944000e-01
   3.2784000e-01  -8.2944000e-01
   3.2832000e-01  -8.2944000e-01
   3.2880000e-01  -8.2944000e-01
   3.3136000e-01  -8.2944000e-01
   3.3968000e-01  -8.2176000e-01
   3.4032000e-01  -8.2176000e-01
   3.4064000e-01  -8.2176000e-01
   3.4096000e-01  -8.2176000e-01
   3.4144000e-01  -8.2176000e-01
   3.4192000e-01  -8.2176000e-01
   3.4272000e-01  -8.2176000e-01
   3.4384000e-01  -8.2176000e-01
   3.5280000e-01  -8.1408000e-01
   3.5456000e-01  -8.1408000e-01
   3.5488000e-01  -8.1408000e-01
   3.5584000e-01  -8.1408000e-01
   3.5632000e-01  -8.1408000e-01
   3.6592000e-01  -8.0640000e-01
   3.6688000e-01  -8.0640000e-01
   3.6720000e-01  -8.0640000e-01
   3.6768000e-01  -8.0640000e-01
   3.6928000e-01  -8.0640000e-01
   3.8080000e-01  -7.9872000e-01
   3.8112000e-01  -7.9872000e-01
   3.8208000e-01  -7.9872000e-01
   3.8352000e-01  -7.9872000e-01
   3.9184000e-01  -7.9104000e-01
   3.9424000e-01  -7.9104000e-01
   3.9472000e-01  -7.9104000e-01
   3.9504000e-01  -7.9104000e-01
   3.9584000e-01  -7.9104000e-01
   3.9632000e-01  -7.9104000e-01
   4.0496000e-01  -7.8336000e-01
   4.0560000e-01  -7.8336000e-01
   4.0640000e-01  -7.8336000e-01
   4.0768000e-01  -7.8336000e-01
   4.1904000e-01  -7.7568000e-01
   4.2000000e-01  -7.7568000e-01
   4.2032000e-01  -7.7568000e-01
   4.2096000e-01  -7.7568000e-01
   4.2144000e-01  -7.7568000e-01
   4.2192000e-01  -7.7568000e-01
   4.3120000e-01  -7.6800000e-01
   4.3184000e-01  -7.6800000e-01
   4.3424000e-01  -7.6800000e-01
   4.4224000e-01  -7.6032000e-01
   4.4272000e-01  -7.6032000e-01
   4.4384000e-01  -7.6032000e-01
   4.4432000e-01  -7.6032000e-01
   4.4480000e-01  -7.6032000e-01
   4.5760000e-01  -7.5264000e-01
   4.5840000e-01  -7.5264000e-01
   4.5872000e-01  -7.5264000e-01
   4.5984000e-01  -7.5264000e-01
   4.6064000e-01  -7.5264000e-01
   4.6656000e-01  -7.4496000e-01
   4.6704000e-01  -7.4496000e-01
   4.6784000e-01  -7.4496000e-01
   4.6816000e-01  -7.4496000e-01
   4.6848000e-01  -7.4496000e-01
   4.8112000e-01  -7.3728000e-01
   4.8160000e-01  -7.3728000e-01
   4.8192000e-01  -7.3728000e-01
   4.8240000e-01  -7.3728000e-01
   4.8288000e-01  -7.3728000e-01
   4.8320000e-01  -7.3728000e-01
   4.8368000e-01  -7.3728000e-01
   4.8400000e-01  -7.3728000e-01
   4.9232000e-01  -7.2960000e-01
   4.9312000e-01  -7.2960000e-01
   4.9344000e-01  -7.2960000e-01
   4.9376000e-01  -7.2960000e-01
   4.9408000e-01  -7.2960000e-01
   4.9440000e-01  -7.2960000e-01
   4.9472000e-01  -7.2960000e-01
   4.9520000e-01  -7.2960000e-01
   4.9568000e-01  -7.2960000e-01
   4.9600000e-01  -7.2960000e-01
   4.9648000e-01  -7.2960000e-01
   5.0560000e-01  -7.2192000e-01
   5.0624000e-01  -7.2192000e-01
   5.1808000e-01  -7.1424000e-01
   5.2960000e-01  -7.0656000e-01
   5.2992000e-01  -7.0656000e-01
   5.3136000e-01  -7.0656000e-01
   5.3184000e-01  -7.0656000e-01
   5.3280000e-01  -7.0656000e-01
   5.3328000e-01  -7.0656000e-01
   5.3488000e-01  -7.0656000e-01
   5.3552000e-01  -7.0656000e-01
   5.4272000e-01  -6.9888000e-01
   5.4400000e-01  -6.9888000e-01
   5.4432000e-01  -6.9888000e-01
   5.4480000e-01  -6.9888000e-01
   5.5600000e-01  -6.9120000e-01
   5.5712000e-01  -6.9120000e-01
   5.5808000e-01  -6.9120000e-01
   5.6496000e-01  -6.8352000e-01
   5.6544000e-01  -6.8352000e-01
   5.6608000e-01  -6.8352000e-01
   5.6656000e-01  -6.8352000e-01
   5.6848000e-01  -6.8352000e-01
   5.7744000e-01  -6.7584000e-01
   5.7872000e-01  -6.7584000e-01
   5.7936000e-01  -6.7584000e-01
   5.8000000e-01  -6.7584000e-01
   5.8032000e-01  -6.7584000e-01
   5.8096000e-01  -6.7584000e-01
   5.8128000e-01  -6.7584000e-01
   5.9232000e-01  -6.6816000e-01
   5.9264000e-01  -6.6816000e-01
   5.9296000e-01  -6.6816000e-01
   5.9328000e-01  -6.6816000e-01
   5.9392000e-01  -6.6816000e-01
   5.9456000e-01  -6.6816000e-01
   5.9552000e-01  -6.6816000e-01
   6.0624000e-01  -6.6048000e-01
   6.0672000e-01  -6.6048000e-01
   6.2160000e-01  -6.5280000e-01
   6.2192000e-01  -6.5280000e-01
   6.2304000e-01  -6.5280000e-01
   6.2368000e-01  -6.5280000e-01
   6.2416000e-01  -6.5280000e-01
   6.3312000e-01  -6.4512000e-01
   6.3424000e-01  -6.4512000e-01
   6.3552000e-01  -6.4512000e-01
   6.3600000e-01  -6.4512000e-01
   6.3648000e-01  -6.4512000e-01
   6.3776000e-01  -6.4512000e-01
   6.3968000e-01  -6.4512000e-01
   6.4768000e-01  -6.3744000e-01
   6.4800000e-01  -6.3744000e-01
   6.4976000e-01  -6.3744000e-01
   6.5040000e-01  -6.3744000e-01
   6.5072000e-01  -6.3744000e-01
   6.5216000e-01  -6.3744000e-01
   6.5296000e-01  -6.3744000e-01
   6.6464000e-01  -6.2976000e-01
   6.6544000e-01  -6.2976000e-01
   6.6624000e-01  -6.2976000e-01
   6.7936000e-01  -6.2208000e-01
   6.8016000e-01  -6.2208000e-01
   6.8080000e-01  -6.2208000e-01
   6.8176000e-01  -6.2208000e-01
   6.9296000e-01  -6.1440000e-01
   6.9440000e-01  -6.1440000e-01
   6.9488000e-01  -6.1440000e-01
   6.9600000e-01  -6.1440000e-01
   6.9664000e-01  -6.1440000e-01
   6.9728000e-01  -6.1440000e-01
   7.0720000e-01  -6.0672000e-01
   7.0784000e-01  -6.0672000e-01
   7.0832000e-01  -6.0672000e-01
   7.0896000e-01  -6.0672000e-01
   7.0992000e-01  -6.0672000e-01
   7.1056000e-01  -6.0672000e-01
   7.1168000e-01  -6.0672000e-01
   7.2496000e-01  -5.9904000e-01
   7.3760000e-01  -5.9136000e-01
   7.3808000e-01  -5.9136000e-01
   7.3888000e-01  -5.9136000e-01
   7.5632000e-01  -5.8368000e-01
   7.5696000e-01  -5.8368000e-01
   7.5728000e-01  -5.8368000e-01
   7.5760000e-01  -5.8368000e-01
   7.6736000e-01  -5.7600000e-01
   7.6960000e-01  -5.7600000e-01
   7.7040000e-01  -5.7600000e-01
   7.7168000e-01  -5.7600000e-01
   7.7232000e-01  -5.7600000e-01
   7.7264000e-01  -5.7600000e-01
   7.7360000e-01  -5.7600000e-01
   7.7440000e-01  -5.7600000e-01
   7.7616000e-01  -5.7600000e-01
   7.8576000e-01  -5.6832000e-01
   7.8672000e-01  -5.6832000e-01
   7.8720000e-01  -5.6832000e-01
   7.8848000e-01  -5.6832000e-01
   8.0016000e-01  -5.6064000e-01
   8.0160000e-01  -5.6064000e-01
   8.0256000e-01  -5.6064000e-01
   8.0320000e-01  -5.6064000e-01
   8.0400000e-01  -5.6064000e-01
   8.1728000e-01  -5.5296000e-01
   8.1792000e-01  -5.5296000e-01
   8.1872000e-01  -5.5296000e-01
   8.1920000e-01  -5.5296000e-01
   8.3744000e-01  -5.4528000e-01
   8.3792000e-01  -5.4528000e-01
   8.3840000e-01  -5.4528000e-01
   8.3888000e-01  -5.4528000e-01
   8.3920000e-01  -5.4528000e-01
   8.5248000e-01  -5.3760000e-01
   8.5296000e-01  -5.3760000e-01
   8.5440000e-01  -5.3760000e-01
   8.5472000e-01  -5.3760000e-01
   8.5520000e-01  -5.3760000e-01
   8.5584000e-01  -5.3760000e-01
   8.5648000e-01  -5.3760000e-01
   8.5696000e-01  -5.3760000e-01
   8.5760000e-01  -5.3760000e-01
   8.5824000e-01  -5.3760000e-01
   8.5904000e-01  -5.3760000e-01
   8.7168000e-01  -5.2992000e-01
   8.7216000e-01  -5.2992000e-01
   8.7264000e-01  -5.2992000e-01
   8.7328000e-01  -5.2992000e-01
   8.7376000e-01  -5.2992000e-01
   8.7424000e-01  -5.2992000e-01
   8.7472000e-01  -5.2992000e-01
   8.7568000e-01  -5.2992000e-01
   8.7632000e-01  -5.2992000e-01
   8.7680000e-01  -5.2992000e-01
   8.8704000e-01  -5.2224000e-01
   8.8800000e-01  -5.2224000e-01
   8.8896000e-01  -5.2224000e-01
   9.0736000e-01  -5.1456000e-01
   9.0784000e-01  -5.1456000e-01
   9.0816000e-01  -5.1456000e-01
   9.0848000e-01  -5.1456000e-01
   9.0896000e-01  -5.1456000e-01
   9.0960000e-01  -5.1456000e-01
   9.1024000e-01  -5.1456000e-01
   9.2464000e-01  -5.0688000e-01
   9.2544000e-01  -5.0688000e-01
   9.2576000e-01  -5.0688000e-01
   9.2672000e-01  -5.0688000e-01
   9.2736000e-01  -5.0688000e-01
   9.4256000e-01  -4.9920000e-01
   9.4384000e-01  -4.9920000e-01
   9.4432000e-01  -4.9920000e-01
   9.4480000e-01  -4.9920000e-01
   9.4512000e-01  -4.9920000e-01
   9.4560000e-01  -4.9920000e-01
   9.4624000e-01  -4.9920000e-01
   9.4672000e-01  -4.9920000e-01
   9.4704000e-01  -4.9920000e-01
   9.6544000e-01  -4.9152000e-01
   9.6576000e-01  -4.9152000e-01
   9.6640000e-01  -4.9152000e-01
   9.6688000e-01  -4.9152000e-01
   9.6736000e-01  -4.9152000e-01
   9.6784000e-01  -4.9152000e-01
   9.8528000e-01  -4.8384000e-01
   9.8592000e-01  -4.8384000e-01
   9.8656000e-01  -4.8384000e-01
   9.8688000e-01  -4.8384000e-01
   9.8752000e-01  -4.8384000e-01
   9.8832000e-01  -4.8384000e-01
   9.9008000e-01  -4.8384000e-01
   9.9056000e-01  -4.8384000e-01
   9.9120000e-01  -4.8384000e-01
   1.0046000e+00  -4.7616000e-01
   1.0053000e+00  -4.7616000e-01
   1.0069000e+00  -4.7616000e-01
   1.0074000e+00  -4.7616000e-01
   1.0080000e+00  -4.7616000e-01
   1.0278000e+00  -4.6848000e-01
   1.0285000e+00  -4.6848000e-01
   1.0290000e+00  -4.6848000e-01
   1.0296000e+00  -4.6848000e-01
   1.0301000e+00  -4.6848000e-01
   1.0306000e+00  -4.6848000e-01
   1.0310000e+00  -4.6848000e-01
   1.0317000e+00  -4.6848000e-01
   1.0326000e+00  -4.6848000e-01
   1.0336000e+00  -4.6848000e-01
   1.0339000e+00  -4.6848000e-01
   1.0342000e+00  -4.6848000e-01
   1.0350000e+00  -4.6848000e-01
   1.0470000e+00  -4.6080000e-01
   1.0475000e+00  -4.6080000e-01
   1.0485000e+00  -4.6080000e-01
   1.0493000e+00  -4.6080000e-01
   1.0502000e+00  -4.6080000e-01
   1.0507000e+00  -4.6080000e-01
   1.0510000e+00  -4.6080000e-01
   1.0522000e+00  -4.6080000e-01
   1.0531000e+00  -4.6080000e-01
   1.0534000e+00  -4.6080000e-01
   1.0558000e+00  -4.6080000e-01
   1.0562000e+00  -4.6080000e-01
   1.0718000e+00  -4.5312000e-01
   1.0723000e+00  -4.5312000e-01
   1.0736000e+00  -4.5312000e-01
   1.0746000e+00  -4.5312000e-01
   1.0752000e+00  -4.5312000e-01
   1.0758000e+00  -4.5312000e-01
   1.0926000e+00  -4.4544000e-01
   1.0931000e+00  -4.4544000e-01
   1.0942000e+00  -4.4544000e-01
   1.0957000e+00  -4.4544000e-01
   1.0960000e+00  -4.4544000e-01
   1.0963000e+00  -4.4544000e-01
   1.0970000e+00  -4.4544000e-01
   1.0979000e+00  -4.4544000e-01
   1.1219000e+00  -4.3776000e-01
   1.1226000e+00  -4.3776000e-01
   1.1234000e+00  -4.3776000e-01
   1.1237000e+00  -4.3776000e-01
   1.1243000e+00  -4.3776000e-01
   1.1253000e+00  -4.3776000e-01
   1.1256000e+00  -4.3776000e-01
   1.1259000e+00  -4.3776000e-01
   1.1264000e+00  -4.3776000e-01
   1.1269000e+00  -4.3776000e-01
   1.1294000e+00  -4.3776000e-01
   1.1448000e+00  -4.3008000e-01
   1.1454000e+00  -4.3008000e-01
   1.1459000e+00  -4.3008000e-01
   1.1474000e+00  -4.3008000e-01
   1.1477000e+00  -4.3008000e-01
   1.1493000e+00  -4.3008000e-01
   1.1510000e+00  -4.3008000e-01
   1.1514000e+00  -4.3008000e-01
   1.1522000e+00  -4.3008000e-01
   1.1531000e+00  -4.3008000e-01
   1.1682000e+00  -4.2240000e-01
   1.1718000e+00  -4.2240000e-01
   1.1726000e+00  -4.2240000e-01
   1.1731000e+00  -4.2240000e-01
   1.1734000e+00  -4.2240000e-01
   1.1741000e+00  -4.2240000e-01
   1.1746000e+00  -4.2240000e-01
   1.1749000e+00  -4.2240000e-01
   1.1760000e+00  -4.2240000e-01
   1.1768000e+00  -4.2240000e-01
   1.1773000e+00  -4.2240000e-01
   1.1784000e+00  -4.2240000e-01
   1.1994000e+00  -4.1472000e-01
   1.2014000e+00  -4.1472000e-01
   1.2029000e+00  -4.1472000e-01
   1.2035000e+00  -4.1472000e-01
   1.2042000e+00  -4.1472000e-01
   1.2045000e+00  -4.1472000e-01
   1.2048000e+00  -4.1472000e-01
   1.2053000e+00  -4.1472000e-01
   1.2056000e+00  -4.1472000e-01
   1.2061000e+00  -4.1472000e-01
   1.2069000e+00  -4.1472000e-01
   1.2072000e+00  -4.1472000e-01
   1.2342000e+00  -4.0704000e-01
   1.2346000e+00  -4.0704000e-01
   1.2366000e+00  -4.0704000e-01
   1.2373000e+00  -4.0704000e-01
   1.2382000e+00  -4.0704000e-01
   1.2387000e+00  -4.0704000e-01
   1.2394000e+00  -4.0704000e-01
   1.2403000e+00  -4.0704000e-01
   1.2411000e+00  -4.0704000e-01
   1.2422000e+00  -4.0704000e-01
   1.2435000e+00  -4.0704000e-01
   1.2438000e+00  -4.0704000e-01
   1.2442000e+00  -4.0704000e-01
   1.2661000e+00  -3.9936000e-01
   1.2677000e+00  -3.9936000e-01
   1.2691000e+00  -3.9936000e-01
   1.2702000e+00  -3.9936000e-01
   1.2707000e+00  -3.9936000e-01
   1.2712000e+00  -3.9936000e-01
   1.2725000e+00  -3.9936000e-01
   1.2752000e+00  -3.9936000e-01
   1.2992000e+00  -3.9168000e-01
   1.2995000e+00  -3.9168000e-01
   1.3000000e+00  -3.9168000e-01
   1.3006000e+00  -3.9168000e-01
   1.3013000e+00  -3.9168000e-01
   1.3016000e+00  -3.9168000e-01
   1.3024000e+00  -3.9168000e-01
   1.3027000e+00  -3.9168000e-01
   1.3034000e+00  -3.9168000e-01
   1.3038000e+00  -3.9168000e-01
   1.3042000e+00  -3.9168000e-01
   1.3278000e+00  -3.8400000e-01
   1.3299000e+00  -3.8400000e-01
   1.3302000e+00  -3.8400000e-01
   1.3307000e+00  -3.8400000e-01
   1.3326000e+00  -3.8400000e-01
   1.3333000e+00  -3.8400000e-01
   1.3338000e+00  -3.8400000e-01
   1.3346000e+00  -3.8400000e-01
   1.3354000e+00  -3.8400000e-01
   1.3363000e+00  -3.8400000e-01
   1.3370000e+00  -3.8400000e-01
   1.3379000e+00  -3.8400000e-01
   1.3384000e+00  -3.8400000e-01
   1.3389000e+00  -3.8400000e-01
   1.3592000e+00  -3.7632000e-01
   1.3611000e+00  -3.7632000e-01
   1.3614000e+00  -3.7632000e-01
   1.3622000e+00  -3.7632000e-01
   1.3626000e+00  -3.7632000e-01
   1.3630000e+00  -3.7632000e-01
   1.3635000e+00  -3.7632000e-01
   1.3638000e+00  -3.7632000e-01
   1.3643000e+00  -3.7632000e-01
   1.3646000e+00  -3.7632000e-01
   1.3651000e+00  -3.7632000e-01
   1.3654000e+00  -3.7632000e-01
   1.3666000e+00  -3.7632000e-01
   1.3670000e+00  -3.7632000e-01
   1.3674000e+00  -3.7632000e-01
   1.3706000e+00  -3.7632000e-01
   1.3738000e+00  -3.7632000e-01
   1.3885000e+00  -3.6864000e-01
   1.3957000e+00  -3.6864000e-01
   1.3968000e+00  -3.6864000e-01
   1.3982000e+00  -3.6864000e-01
   1.3986000e+00  -3.6864000e-01
   1.3994000e+00  -3.6864000e-01
   1.3998000e+00  -3.6864000e-01
   1.4002000e+00  -3.6864000e-01
   1.4006000e+00  -3.6864000e-01
   1.4010000e+00  -3.6864000e-01
   1.4018000e+00  -3.6864000e-01
   1.4021000e+00  -3.6864000e-01
   1.4043000e+00  -3.6864000e-01
   1.4054000e+00  -3.6864000e-01
   1.4064000e+00  -3.6864000e-01
   1.4091000e+00  -3.6864000e-01
   1.4283000e+00  -3.6096000e-01
   1.4304000e+00  -3.6096000e-01
   1.4322000e+00  -3.6096000e-01
   1.4325000e+00  -3.6096000e-01
   1.4349000e+00  -3.6096000e-01
   1.4357000e+00  -3.6096000e-01
   1.4360000e+00  -3.6096000e-01
   1.4370000e+00  -3.6096000e-01
   1.4373000e+00  -3.6096000e-01
   1.4384000e+00  -3.6096000e-01
   1.4390000e+00  -3.6096000e-01
   1.4394000e+00  -3.6096000e-01
   1.4398000e+00  -3.6096000e-01
   1.4435000e+00  -3.6096000e-01
   1.4438000e+00  -3.6096000e-01
   1.4650000e+00  -3.5328000e-01
   1.4659000e+00  -3.5328000e-01
   1.4670000e+00  -3.5328000e-01
   1.4688000e+00  -3.5328000e-01
   1.4694000e+00  -3.5328000e-01
   1.4704000e+00  -3.5328000e-01
   1.4717000e+00  -3.5328000e-01
   1.4742000e+00  -3.5328000e-01
   1.4752000e+00  -3.5328000e-01
   1.4760000e+00  -3.5328000e-01
   1.5014000e+00  -3.4560000e-01
   1.5021000e+00  -3.4560000e-01
   1.5032000e+00  -3.4560000e-01
   1.5042000e+00  -3.4560000e-01
   1.5056000e+00  -3.4560000e-01
   1.5061000e+00  -3.4560000e-01
   1.5064000e+00  -3.4560000e-01
   1.5070000e+00  -3.4560000e-01
   1.5090000e+00  -3.4560000e-01
   1.5093000e+00  -3.4560000e-01
   1.5099000e+00  -3.4560000e-01
   1.5107000e+00  -3.4560000e-01
   1.5115000e+00  -3.4560000e-01
   1.5139000e+00  -3.4560000e-01
   1.5150000e+00  -3.4560000e-01
   1.5155000e+00  -3.4560000e-01
   1.5162000e+00  -3.4560000e-01
   1.5166000e+00  -3.4560000e-01
   1.5448000e+00  -3.3792000e-01
   1.5453000e+00  -3.3792000e-01
   1.5464000e+00  -3.3792000e-01
   1.5470000e+00  -3.3792000e-01
   1.5474000e+00  -3.3792000e-01
   1.5477000e+00  -3.3792000e-01
   1.5498000e+00  -3.3792000e-01
   1.5502000e+00  -3.3792000e-01
   1.5507000e+00  -3.3792000e-01
   1.5517000e+00  -3.3792000e-01
   1.5531000e+00  -3.3792000e-01
   1.5560000e+00  -3.3792000e-01
   1.5882000e+00  -3.3024000e-01
   1.5885000e+00  -3.3024000e-01
   1.5888000e+00  -3.3024000e-01
   1.5899000e+00  -3.3024000e-01
   1.5917000e+00  -3.3024000e-01
   1.5925000e+00  -3.3024000e-01
   1.5938000e+00  -3.3024000e-01
   1.5946000e+00  -3.3024000e-01
   1.5958000e+00  -3.3024000e-01
   1.5965000e+00  -3.3024000e-01
   1.5971000e+00  -3.3024000e-01
   1.5981000e+00  -3.3024000e-01
   1.5986000e+00  -3.3024000e-01
   1.5994000e+00  -3.3024000e-01
   1.6005000e+00  -3.3024000e-01
   1.6256000e+00  -3.2256000e-01
   1.6261000e+00  -3.2256000e-01
   1.6269000e+00  -3.2256000e-01
   1.6275000e+00  -3.2256000e-01
   1.6283000e+00  -3.2256000e-01
   1.6291000e+00  -3.2256000e-01
   1.6296000e+00  -3.2256000e-01
   1.6299000e+00  -3.2256000e-01
   1.6302000e+00  -3.2256000e-01
   1.6309000e+00  -3.2256000e-01
   1.6318000e+00  -3.2256000e-01
   1.6325000e+00  -3.2256000e-01
   1.6330000e+00  -3.2256000e-01
   1.6342000e+00  -3.2256000e-01
   1.6347000e+00  -3.2256000e-01
   1.6350000e+00  -3.2256000e-01
   1.6354000e+00  -3.2256000e-01
   1.6360000e+00  -3.2256000e-01
   1.6363000e+00  -3.2256000e-01
   1.6374000e+00  -3.2256000e-01
   1.6386000e+00  -3.2256000e-01
   1.6432000e+00  -3.2256000e-01
   1.6440000e+00  -3.2256000e-01
   1.6443000e+00  -3.2256000e-01
   1.6456000e+00  -3.2256000e-01
   1.6773000e+00  -3.1488000e-01
   1.6784000e+00  -3.1488000e-01
   1.6790000e+00  -3.1488000e-01
   1.6803000e+00  -3.1488000e-01
   1.6808000e+00  -3.1488000e-01
   1.6813000e+00  -3.1488000e-01
   1.6819000e+00  -3.1488000e-01
   1.6826000e+00  -3.1488000e-01
   1.6830000e+00  -3.1488000e-01
   1.6834000e+00  -3.1488000e-01
   1.6845000e+00  -3.1488000e-01
   1.6850000e+00  -3.1488000e-01
   1.6856000e+00  -3.1488000e-01
   1.6866000e+00  -3.1488000e-01
   1.6872000e+00  -3.1488000e-01
   1.6891000e+00  -3.1488000e-01
   1.6901000e+00  -3.1488000e-01
   1.6957000e+00  -3.1488000e-01
   1.6966000e+00  -3.1488000e-01
   1.7197000e+00  -3.0720000e-01
   1.7208000e+00  -3.0720000e-01
   1.7211000e+00  -3.0720000e-01
   1.7218000e+00  -3.0720000e-01
   1.7226000e+00  -3.0720000e-01
   1.7237000e+00  -3.0720000e-01
   1.7242000e+00  -3.0720000e-01
   1.7245000e+00  -3.0720000e-01
   1.7248000e+00  -3.0720000e-01
   1.7256000e+00  -3.0720000e-01
   1.7262000e+00  -3.0720000e-01
   1.7269000e+00  -3.0720000e-01
   1.7274000e+00  -3.0720000e-01
   1.7285000e+00  -3.0720000e-01
   1.7294000e+00  -3.0720000e-01
   1.7302000e+00  -3.0720000e-01
   1.7309000e+00  -3.0720000e-01
   1.7314000e+00  -3.0720000e-01
   1.7320000e+00  -3.0720000e-01
   1.7330000e+00  -3.0720000e-01
   1.7680000e+00  -2.9952000e-01
   1.7742000e+00  -2.9952000e-01
   1.7773000e+00  -2.9952000e-01
   1.7787000e+00  -2.9952000e-01
   1.7792000e+00  -2.9952000e-01
   1.7798000e+00  -2.9952000e-01
   1.7805000e+00  -2.9952000e-01
   1.7811000e+00  -2.9952000e-01
   1.7814000e+00  -2.9952000e-01
   1.7819000e+00  -2.9952000e-01
   1.7826000e+00  -2.9952000e-01
   1.7829000e+00  -2.9952000e-01
   1.7834000e+00  -2.9952000e-01
   1.7840000e+00  -2.9952000e-01
   1.7850000e+00  -2.9952000e-01
   1.7867000e+00  -2.9952000e-01
   1.7870000e+00  -2.9952000e-01
   1.7875000e+00  -2.9952000e-01
   1.7930000e+00  -2.9952000e-01
   1.8211000e+00  -2.9184000e-01
   1.8262000e+00  -2.9184000e-01
   1.8267000e+00  -2.9184000e-01
   1.8270000e+00  -2.9184000e-01
   1.8274000e+00  -2.9184000e-01
   1.8282000e+00  -2.9184000e-01
   1.8293000e+00  -2.9184000e-01
   1.8296000e+00  -2.9184000e-01
   1.8299000e+00  -2.9184000e-01
   1.8306000e+00  -2.9184000e-01
   1.8312000e+00  -2.9184000e-01
   1.8315000e+00  -2.9184000e-01
   1.8322000e+00  -2.9184000e-01
   1.8342000e+00  -2.9184000e-01
   1.8346000e+00  -2.9184000e-01
   1.8349000e+00  -2.9184000e-01
   1.8354000e+00  -2.9184000e-01
   1.8357000e+00  -2.9184000e-01
   1.8362000e+00  -2.9184000e-01
   1.8373000e+00  -2.9184000e-01
   1.8470000e+00  -2.9184000e-01
   1.8547000e+00  -2.9184000e-01
   1.8856000e+00  -2.8416000e-01
   1.8864000e+00  -2.8416000e-01
   1.8867000e+00  -2.8416000e-01
   1.8875000e+00  -2.8416000e-01
   1.8890000e+00  -2.8416000e-01
   1.8899000e+00  -2.8416000e-01
   1.8909000e+00  -2.8416000e-01
   1.8915000e+00  -2.8416000e-01
   1.8920000e+00  -2.8416000e-01
   1.8926000e+00  -2.8416000e-01
   1.8930000e+00  -2.8416000e-01
   1.8938000e+00  -2.8416000e-01
   1.8942000e+00  -2.8416000e-01
   1.8947000e+00  -2.8416000e-01
   1.8955000e+00  -2.8416000e-01
   1.8962000e+00  -2.8416000e-01
   1.8968000e+00  -2.8416000e-01
   1.8974000e+00  -2.8416000e-01
   1.8981000e+00  -2.8416000e-01
   1.8987000e+00  -2.8416000e-01
   1.8997000e+00  -2.8416000e-01
   1.9003000e+00  -2.8416000e-01
   1.9013000e+00  -2.8416000e-01
   1.9021000e+00  -2.8416000e-01
   1.9027000e+00  -2.8416000e-01
   1.9403000e+00  -2.7648000e-01
   1.9421000e+00  -2.7648000e-01
   1.9426000e+00  -2.7648000e-01
   1.9430000e+00  -2.7648000e-01
   1.9435000e+00  -2.7648000e-01
   1.9438000e+00  -2.7648000e-01
   1.9445000e+00  -2.7648000e-01
   1.9448000e+00  -2.7648000e-01
   1.9454000e+00  -2.7648000e-01
   1.9461000e+00  -2.7648000e-01
   1.9469000e+00  -2.7648000e-01
   1.9493000e+00  -2.7648000e-01
   1.9504000e+00  -2.7648000e-01
   1.9517000e+00  -2.7648000e-01
   1.9525000e+00  -2.7648000e-01
   1.9538000e+00  -2.7648000e-01
   1.9550000e+00  -2.7648000e-01
   1.9558000e+00  -2.7648000e-01
   1.9586000e+00  -2.7648000e-01
   1.9634000e+00  -2.7648000e-01
   2.0016000e+00  -2.6880000e-01
   2.0019000e+00  -2.6880000e-01
   2.0054000e+00  -2.6880000e-01
   2.0061000e+00  -2.6880000e-01
   2.0067000e+00  -2.6880000e-01
   2.0074000e+00  -2.6880000e-01
   2.0082000e+00  -2.6880000e-01
   2.0096000e+00  -2.6880000e-01
   2.0099000e+00  -2.6880000e-01
   2.0104000e+00  -2.6880000e-01
   2.0110000e+00  -2.6880000e-01
   2.0115000e+00  -2.6880000e-01
   2.0122000e+00  -2.6880000e-01
   2.0128000e+00  -2.6880000e-01
   2.0133000e+00  -2.6880000e-01
   2.0136000e+00  -2.6880000e-01
   2.0139000e+00  -2.6880000e-01
   2.0154000e+00  -2.6880000e-01
   2.0158000e+00  -2.6880000e-01
   2.0165000e+00  -2.6880000e-01
   2.0171000e+00  -2.6880000e-01
   2.0174000e+00  -2.6880000e-01
   2.0181000e+00  -2.6880000e-01
   2.0184000e+00  -2.6880000e-01
   2.0190000e+00  -2.6880000e-01
   2.0194000e+00  -2.6880000e-01
   2.0202000e+00  -2.6880000e-01
   2.0205000e+00  -2.6880000e-01
   2.0214000e+00  -2.6880000e-01
   2.0248000e+00  -2.6880000e-01
   2.0253000e+00  -2.6880000e-01
   2.0256000e+00  -2.6880000e-01
   2.0259000e+00  -2.6880000e-01
   2.0269000e+00  -2.6880000e-01
   2.0285000e+00  -2.6880000e-01
   2.0312000e+00  -2.6880000e-01
   2.0661000e+00  -2.6112000e-01
   2.0683000e+00  -2.6112000e-01
   2.0686000e+00  -2.6112000e-01
   2.0722000e+00  -2.6112000e-01
   2.0725000e+00  -2.6112000e-01
   2.0728000e+00  -2.6112000e-01
   2.0733000e+00  -2.6112000e-01
   2.0747000e+00  -2.6112000e-01
   2.0752000e+00  -2.6112000e-01
   2.0755000e+00  -2.6112000e-01
   2.0768000e+00  -2.6112000e-01
   2.0771000e+00  -2.6112000e-01
   2.0792000e+00  -2.6112000e-01
   2.0795000e+00  -2.6112000e-01
   2.0803000e+00  -2.6112000e-01
   2.0806000e+00  -2.6112000e-01
   2.0811000e+00  -2.6112000e-01
   2.0818000e+00  -2.6112000e-01
   2.0832000e+00  -2.6112000e-01
   2.0840000e+00  -2.6112000e-01
   2.0846000e+00  -2.6112000e-01
   2.0934000e+00  -2.6112000e-01
   2.0946000e+00  -2.6112000e-01
   2.0957000e+00  -2.6112000e-01
   2.0960000e+00  -2.6112000e-01
   2.0963000e+00  -2.6112000e-01
   2.0971000e+00  -2.6112000e-01
   2.0974000e+00  -2.6112000e-01
   2.0978000e+00  -2.6112000e-01
   2.0981000e+00  -2.6112000e-01
   2.1285000e+00  -2.5344000e-01
   2.1402000e+00  -2.5344000e-01
   2.1408000e+00  -2.5344000e-01
   2.1421000e+00  -2.5344000e-01
   2.1427000e+00  -2.5344000e-01
   2.1451000e+00  -2.5344000e-01
   2.1456000e+00  -2.5344000e-01
   2.1462000e+00  -2.5344000e-01
   2.1467000e+00  -2.5344000e-01
   2.1472000e+00  -2.5344000e-01
   2.1477000e+00  -2.5344000e-01
   2.1490000e+00  -2.5344000e-01
   2.1496000e+00  -2.5344000e-01
   2.1501000e+00  -2.5344000e-01
   2.1507000e+00  -2.5344000e-01
   2.1554000e+00  -2.5344000e-01
   2.1562000e+00  -2.5344000e-01
   2.1571000e+00  -2.5344000e-01
   2.1582000e+00  -2.5344000e-01
   2.1602000e+00  -2.5344000e-01
   2.1651000e+00  -2.5344000e-01
   2.1654000e+00  -2.5344000e-01
   2.1749000e+00  -2.5344000e-01
   2.2189000e+00  -2.4576000e-01
   2.2200000e+00  -2.4576000e-01
   2.2203000e+00  -2.4576000e-01
   2.2219000e+00  -2.4576000e-01
   2.2224000e+00  -2.4576000e-01
   2.2240000e+00  -2.4576000e-01
   2.2248000e+00  -2.4576000e-01
   2.2253000e+00  -2.4576000e-01
   2.2264000e+00  -2.4576000e-01
   2.2269000e+00  -2.4576000e-01
   2.2275000e+00  -2.4576000e-01
   2.2280000e+00  -2.4576000e-01
   2.2294000e+00  -2.4576000e-01
   2.2299000e+00  -2.4576000e-01
   2.2310000e+00  -2.4576000e-01
   2.2314000e+00  -2.4576000e-01
   2.2318000e+00  -2.4576000e-01
   2.2323000e+00  -2.4576000e-01
   2.2326000e+00  -2.4576000e-01
   2.2331000e+00  -2.4576000e-01
   2.2336000e+00  -2.4576000e-01
   2.2339000e+00  -2.4576000e-01
   2.2344000e+00  -2.4576000e-01
   2.2349000e+00  -2.4576000e-01
   2.2360000e+00  -2.4576000e-01
   2.2363000e+00  -2.4576000e-01
   2.2373000e+00  -2.4576000e-01
   2.2376000e+00  -2.4576000e-01
   2.2382000e+00  -2.4576000e-01
   2.2408000e+00  -2.4576000e-01
   2.2413000e+00  -2.4576000e-01
   2.2448000e+00  -2.4576000e-01
   2.2883000e+00  -2.3808000e-01
   2.2923000e+00  -2.3808000e-01
   2.3005000e+00  -2.3808000e-01
   2.3010000e+00  -2.3808000e-01
   2.3014000e+00  -2.3808000e-01
   2.3018000e+00  -2.3808000e-01
   2.3024000e+00  -2.3808000e-01
   2.3035000e+00  -2.3808000e-01
   2.3046000e+00  -2.3808000e-01
   2.3054000e+00  -2.3808000e-01
   2.3059000e+00  -2.3808000e-01
   2.3069000e+00  -2.3808000e-01
   2.3078000e+00  -2.3808000e-01
   2.3083000e+00  -2.3808000e-01
   2.3090000e+00  -2.3808000e-01
   2.3094000e+00  -2.3808000e-01
   2.3101000e+00  -2.3808000e-01
   2.3118000e+00  -2.3808000e-01
   2.3125000e+00  -2.3808000e-01
   2.3130000e+00  -2.3808000e-01
   2.3133000e+00  -2.3808000e-01
   2.3144000e+00  -2.3808000e-01
   2.3149000e+00  -2.3808000e-01
   2.3154000e+00  -2.3808000e-01
   2.3158000e+00  -2.3808000e-01
   2.3163000e+00  -2.3808000e-01
   2.3174000e+00  -2.3808000e-01
   2.3186000e+00  -2.3808000e-01
   2.3189000e+00  -2.3808000e-01
   2.3197000e+00  -2.3808000e-01
   2.3205000e+00  -2.3808000e-01
   2.3210000e+00  -2.3808000e-01
   2.3219000e+00  -2.3808000e-01
   2.3222000e+00  -2.3808000e-01
   2.3230000e+00  -2.3808000e-01
   2.3251000e+00  -2.3808000e-01
   2.3272000e+00  -2.3808000e-01
   2.3280000e+00  -2.3808000e-01
   2.3827000e+00  -2.3040000e-01
   2.3859000e+00  -2.3040000e-01
   2.3872000e+00  -2.3040000e-01
   2.3877000e+00  -2.3040000e-01
   2.3882000e+00  -2.3040000e-01
   2.3890000e+00  -2.3040000e-01
   2.3899000e+00  -2.3040000e-01
   2.3902000e+00  -2.3040000e-01
   2.3917000e+00  -2.3040000e-01
   2.3922000e+00  -2.3040000e-01
   2.3926000e+00  -2.3040000e-01
   2.3930000e+00  -2.3040000e-01
   2.3934000e+00  -2.3040000e-01
   2.3944000e+00  -2.3040000e-01
   2.3949000e+00  -2.3040000e-01
   2.3958000e+00  -2.3040000e-01
   2.3963000e+00  -2.3040000e-01
   2.3966000e+00  -2.3040000e-01
   2.3976000e+00  -2.3040000e-01
   2.3979000e+00  -2.3040000e-01
   2.3989000e+00  -2.3040000e-01
   2.3992000e+00  -2.3040000e-01
   2.3995000e+00  -2.3040000e-01
   2.4005000e+00  -2.3040000e-01
   2.4011000e+00  -2.3040000e-01
   2.4016000e+00  -2.3040000e-01
   2.4019000e+00  -2.3040000e-01
   2.4030000e+00  -2.3040000e-01
   2.4034000e+00  -2.3040000e-01
   2.4043000e+00  -2.3040000e-01
   2.4048000e+00  -2.3040000e-01
   2.4088000e+00  -2.3040000e-01
   2.4098000e+00  -2.3040000e-01
   2.4115000e+00  -2.3040000e-01
   2.4147000e+00  -2.3040000e-01
   2.4150000e+00  -2.3040000e-01
   2.4155000e+00  -2.3040000e-01
   2.4158000e+00  -2.3040000e-01
   2.4162000e+00  -2.3040000e-01
   2.4237000e+00  -2.3040000e-01
   2.4240000e+00  -2.3040000e-01
   2.4258000e+00  -2.3040000e-01
   2.4269000e+00  -2.3040000e-01
   2.4290000e+00  -2.3040000e-01
   2.4661000e+00  -2.2272000e-01
   2.4683000e+00  -2.2272000e-01
   2.4688000e+00  -2.2272000e-01
   2.4699000e+00  -2.2272000e-01
   2.4709000e+00  -2.2272000e-01
   2.4714000e+00  -2.2272000e-01
   2.4723000e+00  -2.2272000e-01
   2.4728000e+00  -2.2272000e-01
   2.4733000e+00  -2.2272000e-01
   2.4747000e+00  -2.2272000e-01
   2.4800000e+00  -2.2272000e-01
   2.4808000e+00  -2.2272000e-01
   2.4819000e+00  -2.2272000e-01
   2.4824000e+00  -2.2272000e-01
   2.4830000e+00  -2.2272000e-01
   2.4834000e+00  -2.2272000e-01
   2.4843000e+00  -2.2272000e-01
   2.4853000e+00  -2.2272000e-01
   2.4859000e+00  -2.2272000e-01
   2.4862000e+00  -2.2272000e-01
   2.4869000e+00  -2.2272000e-01
   2.4872000e+00  -2.2272000e-01
   2.4877000e+00  -2.2272000e-01
   2.4880000e+00  -2.2272000e-01
   2.4885000e+00  -2.2272000e-01
   2.4899000e+00  -2.2272000e-01
   2.4906000e+00  -2.2272000e-01
   2.4920000e+00  -2.2272000e-01
   2.4928000e+00  -2.2272000e-01
   2.4933000e+00  -2.2272000e-01
   2.4936000e+00  -2.2272000e-01
   2.4944000e+00  -2.2272000e-01
   2.4949000e+00  -2.2272000e-01
   2.4955000e+00  -2.2272000e-01
   2.4966000e+00  -2.2272000e-01
   2.4990000e+00  -2.2272000e-01
   2.4994000e+00  -2.2272000e-01
   2.4997000e+00  -2.2272000e-01
   2.5018000e+00   6.9888000e-01
   2.5027000e+00   4.3776000e-01
   2.5035000e+00   4.6080000e-01
   2.5042000e+00   3.3792000e-01
   2.5050000e+00   2.3808000e-01
   2.5056000e+00   1.4592000e-01
   2.5061000e+00   5.3760000e-02
   2.5067000e+00   4.8384000e-01
   2.5072000e+00  -7.6800000e-03
   2.5078000e+00  -2.8416000e-01
   2.5083000e+00  -1.3056000e-01
   2.5088000e+00  -1.7664000e-01
   2.5093000e+00  -4.7616000e-01
   2.5096000e+00  -3.5328000e-01
   2.5101000e+00   2.3040000e-01
   2.5106000e+00  -3.6096000e-01
   2.5109000e+00  -2.8416000e-01
   2.5114000e+00  -3.3024000e-01
   2.5117000e+00  -1.6896000e-01
   2.5122000e+00  -7.8336000e-01
   2.5125000e+00  -1.2288000e-01
   2.5128000e+00  -2.2272000e-01
   2.5131000e+00  -7.3728000e-01
   2.5136000e+00  -8.6784000e-01
   2.5139000e+00  -6.7584000e-01
   2.5142000e+00  -4.9152000e-01
   2.5146000e+00  -3.5328000e-01
   2.5149000e+00  -2.9952000e-01
   2.5152000e+00  -3.3792000e-01
   2.5155000e+00  -4.4544000e-01
   2.5158000e+00  -6.3744000e-01
   2.5162000e+00  -8.2944000e-01
   2.5170000e+00  -8.1408000e-01
   2.5173000e+00  -3.5328000e-01
   2.5176000e+00  -6.6048000e-01
   2.5181000e+00  -9.2928000e-01
   2.5184000e+00  -3.9936000e-01
   2.5187000e+00  -8.9088000e-01
   2.5192000e+00  -4.9920000e-01
   2.5200000e+00  -5.9904000e-01
   2.5205000e+00  -6.2208000e-01
   2.5210000e+00  -8.6016000e-01
   2.5214000e+00  -9.2160000e-01
   2.5219000e+00  -9.0624000e-01
   2.5224000e+00  -8.0640000e-01
   2.5229000e+00  -6.2208000e-01
   2.5240000e+00  -7.2192000e-01
   2.5246000e+00  -7.6032000e-01
   2.5253000e+00  -7.1424000e-01
   2.5259000e+00  -9.1392000e-01
   2.5267000e+00  -8.2944000e-01
   2.5275000e+00  -9.2160000e-01
   2.5285000e+00  -9.2928000e-01
   2.5298000e+00  -9.2928000e-01
   2.5312000e+00  -9.1392000e-01
   2.5456000e+00  -9.2928000e-01
   2.5483000e+00  -9.2928000e-01
   2.5534000e+00  -9.2928000e-01
   2.5538000e+00  -9.2928000e-01
   2.5566000e+00  -9.2928000e-01
   2.5571000e+00  -9.2928000e-01
   2.5579000e+00  -9.2928000e-01
   2.5584000e+00  -9.2928000e-01
   2.5590000e+00  -9.2928000e-01
   2.5597000e+00  -9.2928000e-01
   2.5600000e+00  -9.2928000e-01
   2.5606000e+00  -9.2928000e-01
   2.5610000e+00  -9.2928000e-01
   2.5621000e+00  -9.2928000e-01
   2.5624000e+00  -9.2928000e-01
   2.5630000e+00  -9.2928000e-01
   2.5648000e+00  -9.2928000e-01
   2.5653000e+00  -9.2928000e-01
   2.5656000e+00  -9.2928000e-01
   2.5661000e+00  -9.2928000e-01
   2.5667000e+00  -9.2928000e-01
   2.5739000e+00  -9.2928000e-01
   2.5742000e+00  -9.2928000e-01
   2.6021000e+00  -9.2160000e-01
   2.6026000e+00  -9.2160000e-01
   2.6032000e+00  -9.2160000e-01
   2.6046000e+00  -9.2160000e-01
   2.6053000e+00  -9.2160000e-01
   2.6058000e+00  -9.2160000e-01
   2.6062000e+00  -9.2160000e-01
   2.6067000e+00  -9.2160000e-01
   2.6074000e+00  -9.2160000e-01
   2.6085000e+00  -9.2160000e-01
   2.6090000e+00  -9.2160000e-01
   2.6096000e+00  -9.2160000e-01
   2.6102000e+00  -9.2160000e-01
   2.6114000e+00  -9.2160000e-01
   2.6120000e+00  -9.2160000e-01
   2.6126000e+00  -9.2160000e-01
   2.6150000e+00  -9.2160000e-01
   2.6331000e+00  -9.1392000e-01
   2.6352000e+00  -9.1392000e-01
   2.6358000e+00  -9.1392000e-01
   2.6365000e+00  -9.1392000e-01
   2.6368000e+00  -9.1392000e-01
   2.6394000e+00  -9.1392000e-01
   2.6402000e+00  -9.1392000e-01
   2.6600000e+00  -9.0624000e-01
   2.6603000e+00  -9.0624000e-01
   2.6608000e+00  -9.0624000e-01
   2.6621000e+00  -9.0624000e-01
   2.6642000e+00  -9.0624000e-01
   2.6650000e+00  -9.0624000e-01
   2.6808000e+00  -8.9856000e-01
   2.6818000e+00  -8.9856000e-01
   2.6821000e+00  -8.9856000e-01
   2.6824000e+00  -8.9856000e-01
   2.6829000e+00  -8.9856000e-01
   2.6837000e+00  -8.9856000e-01
   2.6843000e+00  -8.9856000e-01
   2.6850000e+00  -8.9856000e-01
   2.6856000e+00  -8.9856000e-01
   2.6992000e+00  -8.9088000e-01
   2.6995000e+00  -8.9088000e-01
   2.6998000e+00  -8.9088000e-01
   2.7003000e+00  -8.9088000e-01
   2.7006000e+00  -8.9088000e-01
   2.7010000e+00  -8.9088000e-01
   2.7013000e+00  -8.9088000e-01
   2.7174000e+00  -8.8320000e-01
   2.7189000e+00  -8.8320000e-01
   2.7194000e+00  -8.8320000e-01
   2.7206000e+00  -8.8320000e-01
   2.7210000e+00  -8.8320000e-01
   2.7218000e+00  -8.8320000e-01
   2.7363000e+00  -8.7552000e-01
   2.7378000e+00  -8.7552000e-01
   2.7382000e+00  -8.7552000e-01
   2.7387000e+00  -8.7552000e-01
   2.7525000e+00  -8.6784000e-01
   2.7528000e+00  -8.6784000e-01
   2.7533000e+00  -8.6784000e-01
   2.7539000e+00  -8.6784000e-01
   2.7546000e+00  -8.6784000e-01
   2.7562000e+00  -8.6784000e-01
   2.7662000e+00  -8.6016000e-01
   2.7670000e+00  -8.6016000e-01
   2.7675000e+00  -8.6016000e-01
   2.7682000e+00  -8.6016000e-01
   2.7806000e+00  -8.5248000e-01
   2.7819000e+00  -8.5248000e-01
   2.7824000e+00  -8.5248000e-01
   2.7835000e+00  -8.5248000e-01
   2.7840000e+00  -8.5248000e-01
   2.7846000e+00  -8.5248000e-01
   2.7851000e+00  -8.5248000e-01
   2.7968000e+00  -8.4480000e-01
   2.7994000e+00  -8.4480000e-01
   2.7998000e+00  -8.4480000e-01
   2.8002000e+00  -8.4480000e-01
   2.8022000e+00  -8.4480000e-01
   2.8114000e+00  -8.3712000e-01
   2.8128000e+00  -8.3712000e-01
   2.8133000e+00  -8.3712000e-01
   2.8139000e+00  -8.3712000e-01
   2.8142000e+00  -8.3712000e-01
   2.8146000e+00  -8.3712000e-01
   2.8152000e+00  -8.3712000e-01
   2.8155000e+00  -8.3712000e-01
   2.8272000e+00  -8.2944000e-01
   2.8280000e+00  -8.2944000e-01
   2.8288000e+00  -8.2944000e-01
   2.8294000e+00  -8.2944000e-01
   2.8298000e+00  -8.2944000e-01
   2.8424000e+00  -8.2176000e-01
   2.8427000e+00  -8.2176000e-01
   2.8432000e+00  -8.2176000e-01
   2.8438000e+00  -8.2176000e-01
   2.8442000e+00  -8.2176000e-01
   2.8446000e+00  -8.2176000e-01
   2.8560000e+00  -8.1408000e-01
   2.8568000e+00  -8.1408000e-01
   2.8578000e+00  -8.1408000e-01
   2.8683000e+00  -8.0640000e-01
   2.8691000e+00  -8.0640000e-01
   2.8699000e+00  -8.0640000e-01
   2.8840000e+00  -7.9872000e-01
   2.8965000e+00  -7.9104000e-01
   2.8973000e+00  -7.9104000e-01
   2.9062000e+00  -7.8336000e-01
   2.9067000e+00  -7.8336000e-01
   2.9074000e+00  -7.8336000e-01
   2.9078000e+00  -7.8336000e-01
   2.9085000e+00  -7.8336000e-01
   2.9208000e+00  -7.7568000e-01
   2.9211000e+00  -7.7568000e-01
   2.9216000e+00  -7.7568000e-01
   2.9331000e+00  -7.6800000e-01
   2.9342000e+00  -7.6800000e-01
   2.9424000e+00  -7.6032000e-01
   2.9435000e+00  -7.6032000e-01
   2.9448000e+00  -7.6032000e-01
   2.9451000e+00  -7.6032000e-01
   2.9456000e+00  -7.6032000e-01
   2.9590000e+00  -7.5264000e-01
   2.9594000e+00  -7.5264000e-01
   2.9602000e+00  -7.5264000e-01
   2.9686000e+00  -7.4496000e-01
   2.9690000e+00  -7.4496000e-01
   2.9693000e+00  -7.4496000e-01
   2.9704000e+00  -7.4496000e-01
   2.9712000e+00  -7.4496000e-01
   2.9819000e+00  -7.3728000e-01
   2.9827000e+00  -7.3728000e-01
   2.9834000e+00  -7.3728000e-01
   2.9930000e+00  -7.2960000e-01
   2.9934000e+00  -7.2960000e-01
   2.9939000e+00  -7.2960000e-01
   2.9946000e+00  -7.2960000e-01
   2.9954000e+00  -7.2960000e-01
   2.9957000e+00  -7.2960000e-01
   2.9960000e+00  -7.2960000e-01
   3.0061000e+00  -7.2192000e-01
   3.0066000e+00  -7.2192000e-01
   3.0074000e+00  -7.2192000e-01
   3.0173000e+00  -7.1424000e-01
   3.0187000e+00  -7.1424000e-01
   3.0190000e+00  -7.1424000e-01
   3.0194000e+00  -7.1424000e-01
   3.0202000e+00  -7.1424000e-01
   3.0304000e+00  -7.0656000e-01
   3.0315000e+00  -7.0656000e-01
   3.0320000e+00  -7.0656000e-01
   3.0325000e+00  -7.0656000e-01
   3.0427000e+00  -6.9888000e-01
   3.0437000e+00  -6.9888000e-01
   3.0453000e+00  -6.9888000e-01
   3.0461000e+00  -6.9888000e-01
   3.0547000e+00  -6.9120000e-01
   3.0565000e+00  -6.9120000e-01
   3.0574000e+00  -6.9120000e-01
   3.0666000e+00  -6.8352000e-01
   3.0670000e+00  -6.8352000e-01
   3.0674000e+00  -6.8352000e-01
   3.0678000e+00  -6.8352000e-01
   3.0682000e+00  -6.8352000e-01
