  -2.4176000e-01  -2.1400000e-01
  -2.3936000e-01  -2.1400000e-01
  -2.3792000e-01  -2.1400000e-01
  -2.3728000e-01  -2.1400000e-01
  -2.3568000e-01  -2.1400000e-01
  -2.3376000e-01  -2.1400000e-01
  -2.3344000e-01  -2.1400000e-01
  -2.2944000e-01  -2.1400000e-01
  -2.2736000e-01  -2.1400000e-01
  -2.2080000e-01  -2.1000000e-01
  -2.1712000e-01  -2.1400000e-01
  -2.1664000e-01  -2.1400000e-01
  -2.1552000e-01  -2.1000000e-01
  -2.1280000e-01  -2.1000000e-01
  -2.0992000e-01  -2.1000000e-01
  -2.0832000e-01  -2.1000000e-01
  -2.0560000e-01  -2.1000000e-01
  -2.0416000e-01  -2.1000000e-01
  -2.0336000e-01  -2.1000000e-01
  -2.0304000e-01  -2.1000000e-01
  -2.0224000e-01  -2.1000000e-01
  -2.0160000e-01  -2.1000000e-01
  -2.0112000e-01  -2.1000000e-01
  -2.0064000e-01  -2.1000000e-01
  -2.0016000e-01  -2.1000000e-01
  -1.9968000e-01  -2.1000000e-01
  -1.9904000e-01  -2.1000000e-01
  -1.9808000e-01  -2.1000000e-01
  -1.9760000e-01  -2.1000000e-01
  -1.9712000e-01  -2.1000000e-01
  -1.9680000e-01  -2.1000000e-01
  -1.9632000e-01  -2.1000000e-01
  -1.9584000e-01  -2.1000000e-01
  -1.9520000e-01  -2.1000000e-01
  -1.9472000e-01  -2.1000000e-01
  -1.9392000e-01  -2.1000000e-01
  -1.9344000e-01  -2.1000000e-01
  -1.9280000e-01  -2.1000000e-01
  -1.9232000e-01  -2.1000000e-01
  -1.9152000e-01  -2.1000000e-01
  -1.9088000e-01  -2.1000000e-01
  -1.9040000e-01  -2.1000000e-01
  -1.8992000e-01  -2.1000000e-01
  -1.8960000e-01  -2.1000000e-01
  -1.8912000e-01  -2.1000000e-01
  -1.8736000e-01  -2.1000000e-01
  -1.8704000e-01  -2.1000000e-01
  -1.8640000e-01  -2.1000000e-01
  -1.8528000e-01  -2.1000000e-01
  -1.8464000e-01  -2.1000000e-01
  -1.8304000e-01  -2.1000000e-01
  -1.8256000e-01  -2.1000000e-01
  -1.8112000e-01  -2.1000000e-01
  -1.7728000e-01  -2.1000000e-01
  -1.7696000e-01  -2.1000000e-01
  -1.7664000e-01  -2.1000000e-01
  -1.7568000e-01  -2.1000000e-01
  -1.7520000e-01  -2.1000000e-01
  -1.7440000e-01  -2.1000000e-01
  -1.7232000e-01  -2.1000000e-01
  -1.7152000e-01  -2.1000000e-01
  -1.5664000e-01  -2.1000000e-01
  -1.5072000e-01  -2.0600000e-01
  -1.4896000e-01  -2.0600000e-01
  -1.4848000e-01  -2.0600000e-01
  -1.4496000e-01  -2.0600000e-01
  -1.4384000e-01  -2.0600000e-01
  -1.4304000e-01  -2.0600000e-01
  -1.4224000e-01  -2.0600000e-01
  -1.4176000e-01  -2.0600000e-01
  -1.4128000e-01  -2.0600000e-01
  -1.4096000e-01  -2.0600000e-01
  -1.4048000e-01  -2.0600000e-01
  -1.4016000e-01  -2.0600000e-01
  -1.3984000e-01  -2.0600000e-01
  -1.3856000e-01  -2.0600000e-01
  -1.3808000e-01  -2.0600000e-01
  -1.3744000e-01  -2.0600000e-01
  -1.3696000e-01  -2.0600000e-01
  -1.3648000e-01  -2.0600000e-01
  -1.3616000e-01  -2.0600000e-01
  -1.3584000e-01  -2.0600000e-01
  -1.3536000e-01  -2.0600000e-01
  -1.3472000e-01  -2.0600000e-01
  -1.3328000e-01  -2.0600000e-01
  -1.3280000e-01  -2.0600000e-01
  -1.3216000e-01  -2.0600000e-01
  -1.3168000e-01  -2.0600000e-01
  -1.3104000e-01  -2.0600000e-01
  -1.3040000e-01  -2.0600000e-01
  -1.2848000e-01  -2.0600000e-01
  -1.2816000e-01  -2.0600000e-01
  -1.2736000e-01  -2.0600000e-01
  -1.2656000e-01  -2.0600000e-01
  -1.2608000e-01  -2.0600000e-01
  -1.2576000e-01  -2.0600000e-01
  -1.2512000e-01  -2.0600000e-01
  -1.2480000e-01  -2.0600000e-01
  -1.2448000e-01  -2.0600000e-01
  -1.2272000e-01  -2.0600000e-01
  -1.1696000e-01  -2.0600000e-01
  -1.1664000e-01  -2.0600000e-01
  -1.1616000e-01  -2.0600000e-01
  -1.1520000e-01  -2.0600000e-01
  -1.1328000e-01  -2.0600000e-01
  -1.1232000e-01  -2.0600000e-01
  -1.1024000e-01  -2.0600000e-01
  -8.4480000e-02  -2.0200000e-01
  -8.4160000e-02  -2.0200000e-01
  -8.3200000e-02  -2.0200000e-01
  -8.2400000e-02  -2.0200000e-01
  -8.1920000e-02  -2.0200000e-01
  -8.1440000e-02  -2.0200000e-01
  -8.0960000e-02  -2.0200000e-01
  -8.0320000e-02  -2.0200000e-01
  -7.9680000e-02  -2.0200000e-01
  -7.9200000e-02  -2.0200000e-01
  -7.8720000e-02  -2.0200000e-01
  -7.7600000e-02  -2.0200000e-01
  -7.7280000e-02  -2.0200000e-01
  -7.6640000e-02  -2.0200000e-01
  -7.3440000e-02  -2.0200000e-01
  -7.2960000e-02  -2.0200000e-01
  -7.2000000e-02  -2.0200000e-01
  -7.1520000e-02  -2.0200000e-01
  -7.1200000e-02  -2.0200000e-01
  -7.0400000e-02  -2.0200000e-01
  -6.9920000e-02  -2.0200000e-01
  -6.9440000e-02  -2.0200000e-01
  -6.8640000e-02  -2.0200000e-01
  -6.8000000e-02  -2.0200000e-01
  -6.6560000e-02  -2.0200000e-01
  -6.6240000e-02  -2.0200000e-01
  -6.5600000e-02  -2.0200000e-01
  -6.5120000e-02  -2.0200000e-01
  -6.4640000e-02  -2.0200000e-01
  -6.4320000e-02  -2.0200000e-01
  -6.3200000e-02  -2.0200000e-01
  -6.2400000e-02  -2.0200000e-01
  -6.1920000e-02  -2.0200000e-01
  -6.1600000e-02  -2.0200000e-01
  -6.0480000e-02  -2.0200000e-01
  -6.0000000e-02  -2.0200000e-01
  -5.9360000e-02  -2.0200000e-01
  -5.9040000e-02  -2.0200000e-01
  -5.6800000e-02  -2.0200000e-01
  -5.6320000e-02  -2.0200000e-01
  -5.6000000e-02  -2.0200000e-01
  -5.5520000e-02  -2.0200000e-01
  -5.5040000e-02  -2.0200000e-01
  -5.3920000e-02  -2.0200000e-01
  -5.3440000e-02  -2.0200000e-01
  -5.3120000e-02  -2.0200000e-01
  -4.8960000e-02  -2.0200000e-01
  -4.6400000e-02  -2.0200000e-01
  -4.3680000e-02  -2.0200000e-01
  -4.3200000e-02  -2.0200000e-01
  -4.1280000e-02  -2.0200000e-01
  -4.0960000e-02  -2.0200000e-01
  -3.6320000e-02  -2.0200000e-01
  -3.5520000e-02  -2.0200000e-01
  -2.6880000e-02  -1.9800000e-01
  -2.5120000e-02  -1.9800000e-01
  -2.4480000e-02  -1.9800000e-01
  -2.4000000e-02  -1.9800000e-01
  -2.1120000e-02  -1.9800000e-01
  -2.0320000e-02  -1.9800000e-01
  -1.9840000e-02  -1.9800000e-01
  -1.9360000e-02  -1.9800000e-01
  -1.8880000e-02  -1.9800000e-01
  -1.7760000e-02  -1.9800000e-01
  -1.7120000e-02  -1.9800000e-01
  -1.6640000e-02  -1.9800000e-01
  -1.6000000e-02  -2.0200000e-01
  -1.4720000e-02  -1.9800000e-01
  -1.3760000e-02  -1.9800000e-01
  -1.1840000e-02  -1.9800000e-01
  -1.1200000e-02  -1.9800000e-01
  -1.0080000e-02  -1.9800000e-01
  -9.4400000e-03  -1.9800000e-01
  -8.6400000e-03  -1.9800000e-01
  -8.3200000e-03  -1.9800000e-01
  -7.5200000e-03  -1.9800000e-01
  -5.9200000e-03  -1.9800000e-01
  -5.1200000e-03  -1.9800000e-01
  -4.1600000e-03  -1.9800000e-01
  -3.8400000e-03  -1.9800000e-01
  -3.3600000e-03  -1.9800000e-01
  -2.2400000e-03  -1.9800000e-01
  -1.1200000e-03  -1.9800000e-01
  -4.8000000e-04  -1.9800000e-01
  -7.0676000e-15  -1.9800000e-01
   3.2000000e-04  -1.9800000e-01
   1.4400000e-03   3.0600000e-01
   2.4000000e-03   3.7400000e-01
   3.2000000e-03   3.4200000e-01
   4.0000000e-03   1.7800000e-01
   4.6400000e-03   2.9400000e-01
   5.2800000e-03   2.5000000e-01
   5.9200000e-03   1.4000000e-02
   6.4000000e-03   1.9000000e-01
   6.8800000e-03  -1.5400000e-01
   7.5200000e-03  -2.0000000e-03
   8.0000000e-03   5.8000000e-02
   8.4800000e-03   2.6000000e-02
   8.9600000e-03  -1.3000000e-01
   9.2800000e-03  -2.7000000e-01
   9.7600000e-03   1.0000000e-02
   1.0240000e-02  -9.0000000e-02
   1.0560000e-02  -2.1800000e-01
   1.1040000e-02  -9.8000000e-02
   1.1360000e-02  -1.5400000e-01
   1.1840000e-02  -3.5800000e-01
   1.2160000e-02  -2.0000000e-03
   1.2480000e-02  -1.5800000e-01
   1.2800000e-02  -3.9800000e-01
   1.3280000e-02  -4.2200000e-01
   1.3600000e-02  -3.2200000e-01
   1.3920000e-02  -2.2200000e-01
   1.4240000e-02  -1.6200000e-01
   1.4560000e-02  -1.3400000e-01
   1.4880000e-02  -1.6600000e-01
   1.5200000e-02  -2.2200000e-01
   1.5520000e-02  -3.2600000e-01
   1.5840000e-02  -4.1800000e-01
   1.6640000e-02  -3.9800000e-01
   1.6960000e-02  -1.4200000e-01
   1.7280000e-02  -3.5800000e-01
   1.7760000e-02  -4.5400000e-01
   1.8080000e-02  -1.4600000e-01
   1.8400000e-02  -4.5800000e-01
   1.8880000e-02  -1.9400000e-01
   1.9360000e-02  -4.6600000e-01
   1.9680000e-02  -3.5800000e-01
   2.0160000e-02  -2.3800000e-01
   2.0640000e-02  -3.7800000e-01
   2.1120000e-02  -4.2600000e-01
   2.1600000e-02  -4.1400000e-01
   2.2080000e-02  -3.2600000e-01
   2.2560000e-02  -3.9800000e-01
   2.3200000e-02  -4.5000000e-01
   2.3680000e-02  -4.3800000e-01
   2.4320000e-02  -3.9400000e-01
   2.4960000e-02  -4.3400000e-01
   2.5760000e-02  -4.5400000e-01
   2.6400000e-02  -4.6600000e-01
   2.7360000e-02  -4.4200000e-01
   2.8320000e-02  -4.2200000e-01
   2.8960000e-02  -4.6600000e-01
   2.9440000e-02  -4.6600000e-01
   3.1040000e-02  -4.6600000e-01
   3.1680000e-02  -4.6600000e-01
   3.2800000e-02  -4.6600000e-01
   3.3600000e-02  -4.6600000e-01
   3.5040000e-02  -4.6600000e-01
   3.5840000e-02  -4.6600000e-01
   3.6640000e-02  -4.6600000e-01
   3.7440000e-02  -4.6600000e-01
   3.8720000e-02  -4.6600000e-01
   3.9520000e-02  -4.6600000e-01
   4.0000000e-02  -4.6600000e-01
   4.0640000e-02  -4.6600000e-01
   4.1280000e-02  -4.6600000e-01
   4.1600000e-02  -4.6600000e-01
   4.2240000e-02  -4.6600000e-01
   4.2560000e-02  -4.6600000e-01
   4.3200000e-02  -4.6600000e-01
   4.4480000e-02  -4.6600000e-01
   4.4960000e-02  -4.6600000e-01
   4.5600000e-02  -4.6600000e-01
   4.7040000e-02  -4.6600000e-01
   4.7680000e-02  -4.6600000e-01
   4.9440000e-02  -4.6600000e-01
   5.0880000e-02  -4.6600000e-01
   5.1360000e-02  -4.6600000e-01
   5.1680000e-02  -4.6600000e-01
   5.2960000e-02  -4.6600000e-01
   5.3440000e-02  -4.6600000e-01
   5.4240000e-02  -4.6600000e-01
   5.4880000e-02  -4.6600000e-01
   5.5520000e-02  -4.6600000e-01
   5.5840000e-02  -4.6600000e-01
   5.6320000e-02  -4.6600000e-01
   5.7760000e-02  -4.6600000e-01
   5.8400000e-02  -4.6600000e-01
   5.9200000e-02  -4.6600000e-01
   5.9520000e-02  -4.6600000e-01
   5.9840000e-02  -4.6600000e-01
   6.0160000e-02  -4.6600000e-01
   6.1280000e-02  -4.6600000e-01
   6.1760000e-02  -4.6600000e-01
   6.2240000e-02  -4.6600000e-01
   6.2880000e-02  -4.6600000e-01
   6.4000000e-02  -4.6600000e-01
   6.4320000e-02  -4.6600000e-01
   6.4640000e-02  -4.6600000e-01
   6.5280000e-02  -4.6600000e-01
   6.5760000e-02  -4.6600000e-01
   6.7040000e-02  -4.6600000e-01
   6.7840000e-02  -4.6600000e-01
   6.9120000e-02  -4.6600000e-01
   6.9600000e-02  -4.6600000e-01
   7.0400000e-02  -4.6600000e-01
   7.0720000e-02  -4.6600000e-01
   7.1200000e-02  -4.6600000e-01
   7.1840000e-02  -4.6600000e-01
   7.2160000e-02  -4.6600000e-01
   7.2480000e-02  -4.6600000e-01
   7.2960000e-02  -4.6600000e-01
   7.3280000e-02  -4.7000000e-01
   7.4560000e-02  -4.6600000e-01
   7.6160000e-02  -4.6600000e-01
   7.7120000e-02  -4.6600000e-01
   7.7600000e-02  -4.6600000e-01
   7.7920000e-02  -4.6600000e-01
   7.8400000e-02  -4.6600000e-01
   7.9840000e-02  -4.6600000e-01
   8.0640000e-02  -4.6600000e-01
   8.1760000e-02  -4.6600000e-01
   8.2560000e-02  -4.6600000e-01
   8.3040000e-02  -4.6600000e-01
   8.3360000e-02  -4.6600000e-01
   8.4320000e-02  -4.6600000e-01
   8.5120000e-02  -4.6600000e-01
   8.5760000e-02  -4.6600000e-01
   8.6720000e-02  -4.6600000e-01
   8.7520000e-02  -4.6600000e-01
   8.8000000e-02  -4.6600000e-01
   8.8320000e-02  -4.6600000e-01
   8.9280000e-02  -4.6600000e-01
   8.9760000e-02  -4.6600000e-01
   9.0080000e-02  -4.6600000e-01
   9.0880000e-02  -4.6600000e-01
   9.1360000e-02  -4.6600000e-01
   9.2480000e-02  -4.6600000e-01
   9.3440000e-02  -4.6600000e-01
   9.4080000e-02  -4.6600000e-01
   9.4560000e-02  -4.6600000e-01
   9.5200000e-02  -4.6600000e-01
   9.5840000e-02  -4.6600000e-01
   9.6640000e-02  -4.6600000e-01
   9.6960000e-02  -4.6600000e-01
   9.7280000e-02  -4.6600000e-01
   9.8720000e-02  -4.6600000e-01
   9.9200000e-02  -4.6600000e-01
   9.9840000e-02  -4.6600000e-01
   1.0048000e-01  -4.6600000e-01
   1.0160000e-01  -4.6600000e-01
   1.0240000e-01  -4.6600000e-01
   1.0320000e-01  -4.6600000e-01
   1.0352000e-01  -4.6600000e-01
   1.0384000e-01  -4.6600000e-01
   1.0416000e-01  -4.6600000e-01
   1.0512000e-01  -4.6600000e-01
   1.0560000e-01  -4.6600000e-01
   1.0608000e-01  -4.6600000e-01
   1.0656000e-01  -4.6600000e-01
   1.0720000e-01  -4.6600000e-01
   1.0816000e-01  -4.6600000e-01
   1.0848000e-01  -4.6600000e-01
   1.0928000e-01  -4.6600000e-01
   1.1056000e-01  -4.6600000e-01
   1.1120000e-01  -4.6600000e-01
   1.1216000e-01  -4.6600000e-01
   1.1248000e-01  -4.6600000e-01
   1.1344000e-01  -4.6600000e-01
   1.1376000e-01  -4.6600000e-01
   1.1488000e-01  -4.6600000e-01
   1.1600000e-01  -4.6600000e-01
   1.1632000e-01  -4.6600000e-01
   1.1856000e-01  -4.6600000e-01
   1.1952000e-01  -4.6600000e-01
   1.2144000e-01  -4.6600000e-01
   1.2272000e-01  -4.6600000e-01
   1.2304000e-01  -4.6600000e-01
   1.2480000e-01  -4.6600000e-01
   1.2512000e-01  -4.6600000e-01
   1.2560000e-01  -4.6600000e-01
   1.2672000e-01  -4.6600000e-01
   1.2784000e-01  -4.6600000e-01
   1.2832000e-01  -4.6600000e-01
   1.2960000e-01  -4.6600000e-01
   1.3056000e-01  -4.6600000e-01
   1.3104000e-01  -4.6600000e-01
   1.3168000e-01  -4.6600000e-01
   1.3328000e-01  -4.6600000e-01
   1.3488000e-01  -4.6600000e-01
   1.3568000e-01  -4.6600000e-01
   1.3744000e-01  -4.6600000e-01
   1.3888000e-01  -4.6600000e-01
   1.4384000e-01  -4.6600000e-01
   1.4432000e-01  -4.6600000e-01
   1.4496000e-01  -4.6600000e-01
   1.4560000e-01  -4.6600000e-01
   1.4720000e-01  -4.6600000e-01
   1.5392000e-01  -4.6600000e-01
   1.5456000e-01  -4.6600000e-01
   1.5856000e-01  -4.6600000e-01
   1.6832000e-01  -4.6600000e-01
   1.7728000e-01  -4.6200000e-01
   1.7792000e-01  -4.6200000e-01
   1.7856000e-01  -4.6200000e-01
   1.7904000e-01  -4.6200000e-01
   1.7936000e-01  -4.6200000e-01
   1.8064000e-01  -4.6200000e-01
   1.8192000e-01  -4.6200000e-01
   1.8240000e-01  -4.6200000e-01
   1.8272000e-01  -4.6200000e-01
   1.8768000e-01  -4.6200000e-01
   1.8944000e-01  -4.6200000e-01
   1.9056000e-01  -4.6200000e-01
   1.9152000e-01  -4.6200000e-01
   1.9200000e-01  -4.6200000e-01
   1.9232000e-01  -4.6200000e-01
   1.9344000e-01  -4.6200000e-01
   1.9424000e-01  -4.6200000e-01
   1.9488000e-01  -4.6200000e-01
   1.9552000e-01  -4.6200000e-01
   1.9712000e-01  -4.6200000e-01
   1.9760000e-01  -4.6200000e-01
   1.9808000e-01  -4.6200000e-01
   1.9856000e-01  -4.6200000e-01
   1.9920000e-01  -4.6200000e-01
   1.9968000e-01  -4.6200000e-01
   2.0016000e-01  -4.6200000e-01
   2.0240000e-01  -4.6200000e-01
   2.0320000e-01  -4.6200000e-01
   2.0384000e-01  -4.6200000e-01
   2.0432000e-01  -4.6200000e-01
   2.0496000e-01  -4.6200000e-01
   2.0560000e-01  -4.6200000e-01
   2.0624000e-01  -4.6200000e-01
   2.0704000e-01  -4.6200000e-01
   2.0752000e-01  -4.6200000e-01
   2.0784000e-01  -4.6200000e-01
   2.0944000e-01  -4.6200000e-01
   2.0976000e-01  -4.6200000e-01
   2.1072000e-01  -4.6200000e-01
   2.1280000e-01  -4.6200000e-01
   2.1408000e-01  -4.6200000e-01
   2.1472000e-01  -4.6200000e-01
   2.1536000e-01  -4.6200000e-01
   2.1664000e-01  -4.6200000e-01
   2.1856000e-01  -4.6200000e-01
   2.2176000e-01  -4.6200000e-01
   2.2464000e-01  -4.6200000e-01
   2.2944000e-01  -4.6200000e-01
   2.3840000e-01  -4.5800000e-01
   2.3984000e-01  -4.6200000e-01
   2.4608000e-01  -4.5800000e-01
   2.4688000e-01  -4.5800000e-01
   2.4976000e-01  -4.5800000e-01
   2.5024000e-01  -4.5800000e-01
   2.5056000e-01  -4.5800000e-01
   2.5168000e-01  -4.5800000e-01
   2.5200000e-01  -4.5800000e-01
   2.5248000e-01  -4.5800000e-01
   2.5312000e-01  -4.5800000e-01
   2.5440000e-01  -4.5800000e-01
   2.5504000e-01  -4.5800000e-01
   2.5536000e-01  -4.5800000e-01
   2.5568000e-01  -4.5800000e-01
   2.5600000e-01  -4.5800000e-01
   2.5696000e-01  -4.5800000e-01
   2.5744000e-01  -4.5800000e-01
   2.5808000e-01  -4.5800000e-01
   2.5872000e-01  -4.5800000e-01
   2.6048000e-01  -4.5800000e-01
   2.6096000e-01  -4.5800000e-01
   2.6144000e-01  -4.5800000e-01
   2.6192000e-01  -4.5800000e-01
   2.6272000e-01  -4.5800000e-01
   2.6336000e-01  -4.5800000e-01
   2.6432000e-01  -4.5800000e-01
   2.6480000e-01  -4.5800000e-01
   2.6528000e-01  -4.5800000e-01
   2.6576000e-01  -4.5800000e-01
   2.6608000e-01  -4.5800000e-01
   2.6640000e-01  -4.5800000e-01
   2.6672000e-01  -4.5800000e-01
   2.6784000e-01  -4.5800000e-01
   2.6896000e-01  -4.5800000e-01
   2.7024000e-01  -4.5800000e-01
   2.7152000e-01  -4.5800000e-01
   2.7216000e-01  -4.5800000e-01
   2.7328000e-01  -4.5800000e-01
   2.7376000e-01  -4.5800000e-01
   2.7424000e-01  -4.5800000e-01
   2.7808000e-01  -4.5800000e-01
   2.8176000e-01  -4.5800000e-01
   2.8560000e-01  -4.5800000e-01
   2.8720000e-01  -4.5800000e-01
   2.9056000e-01  -4.5800000e-01
   2.9600000e-01  -4.5400000e-01
   2.9648000e-01  -4.5400000e-01
   2.9712000e-01  -4.5400000e-01
   2.9760000e-01  -4.5400000e-01
   2.9808000e-01  -4.5400000e-01
   2.9888000e-01  -4.5400000e-01
   2.9920000e-01  -4.5400000e-01
   3.0144000e-01  -4.5400000e-01
   3.0672000e-01  -4.5400000e-01
   3.0768000e-01  -4.5400000e-01
   3.0816000e-01  -4.5400000e-01
   3.0848000e-01  -4.5400000e-01
   3.0880000e-01  -4.5400000e-01
   3.0944000e-01  -4.5400000e-01
   3.1024000e-01  -4.5400000e-01
   3.1168000e-01  -4.5400000e-01
   3.1216000e-01  -4.5400000e-01
   3.1264000e-01  -4.5400000e-01
   3.1344000e-01  -4.5400000e-01
   3.1424000e-01  -4.5400000e-01
   3.1456000e-01  -4.5400000e-01
   3.1520000e-01  -4.5400000e-01
   3.1552000e-01  -4.5400000e-01
   3.1632000e-01  -4.5400000e-01
   3.1680000e-01  -4.5400000e-01
   3.1712000e-01  -4.5400000e-01
   3.1808000e-01  -4.5400000e-01
   3.1968000e-01  -4.5400000e-01
   3.2080000e-01  -4.5400000e-01
   3.2112000e-01  -4.5400000e-01
   3.2176000e-01  -4.5400000e-01
   3.2240000e-01  -4.5400000e-01
   3.2304000e-01  -4.5400000e-01
   3.2384000e-01  -4.5400000e-01
   3.2448000e-01  -4.5400000e-01
   3.2512000e-01  -4.5400000e-01
   3.2576000e-01  -4.5400000e-01
   3.2608000e-01  -4.5400000e-01
   3.2640000e-01  -4.5400000e-01
   3.2720000e-01  -4.5400000e-01
   3.2848000e-01  -4.5400000e-01
   3.3456000e-01  -4.5400000e-01
   3.4032000e-01  -4.5000000e-01
   3.4688000e-01  -4.5000000e-01
   3.4720000e-01  -4.5000000e-01
   3.4800000e-01  -4.5000000e-01
   3.4832000e-01  -4.5000000e-01
   3.4880000e-01  -4.5000000e-01
   3.4960000e-01  -4.5000000e-01
   3.5152000e-01  -4.5000000e-01
   3.5216000e-01  -4.5000000e-01
   3.5248000e-01  -4.5000000e-01
   3.5280000e-01  -4.5000000e-01
   3.5376000e-01  -4.5000000e-01
   3.5408000e-01  -4.5000000e-01
   3.5488000e-01  -4.5000000e-01
   3.5520000e-01  -4.5000000e-01
   3.5568000e-01  -4.5000000e-01
   3.5600000e-01  -4.5000000e-01
   3.5632000e-01  -4.5000000e-01
   3.5760000e-01  -4.5000000e-01
   3.5968000e-01  -4.5000000e-01
   3.6016000e-01  -4.5000000e-01
   3.6080000e-01  -4.5000000e-01
   3.6192000e-01  -4.5000000e-01
   3.6256000e-01  -4.5000000e-01
   3.6288000e-01  -4.5000000e-01
   3.6416000e-01  -4.5000000e-01
   3.6448000e-01  -4.5000000e-01
   3.6592000e-01  -4.5000000e-01
   3.6672000e-01  -4.5000000e-01
   3.6912000e-01  -4.5000000e-01
   3.7120000e-01  -4.5000000e-01
   3.7344000e-01  -4.5000000e-01
   3.8576000e-01  -4.4600000e-01
   3.8976000e-01  -4.4600000e-01
   3.9056000e-01  -4.4600000e-01
   3.9088000e-01  -4.4600000e-01
   3.9168000e-01  -4.4600000e-01
   3.9328000e-01  -4.4600000e-01
   3.9392000e-01  -4.4600000e-01
   3.9440000e-01  -4.4600000e-01
   3.9488000e-01  -4.4600000e-01
   3.9520000e-01  -4.4600000e-01
   3.9568000e-01  -4.4600000e-01
   3.9632000e-01  -4.4600000e-01
   3.9680000e-01  -4.4600000e-01
   3.9824000e-01  -4.4600000e-01
   3.9952000e-01  -4.4600000e-01
   4.0064000e-01  -4.4600000e-01
   4.0112000e-01  -4.4600000e-01
   4.0208000e-01  -4.4600000e-01
   4.0304000e-01  -4.4600000e-01
   4.0384000e-01  -4.4600000e-01
   4.0512000e-01  -4.4600000e-01
   4.0784000e-01  -4.4600000e-01
   4.1088000e-01  -4.4600000e-01
   4.1216000e-01  -4.4600000e-01
   4.1808000e-01  -4.4200000e-01
   4.1968000e-01  -4.4200000e-01
   4.2832000e-01  -4.4200000e-01
   4.2912000e-01  -4.4200000e-01
   4.2960000e-01  -4.4200000e-01
   4.3024000e-01  -4.4200000e-01
   4.3088000e-01  -4.4200000e-01
   4.3136000e-01  -4.4200000e-01
   4.3200000e-01  -4.4200000e-01
   4.3280000e-01  -4.4200000e-01
   4.3312000e-01  -4.4200000e-01
   4.3360000e-01  -4.4200000e-01
   4.3440000e-01  -4.4200000e-01
   4.3504000e-01  -4.4200000e-01
   4.3552000e-01  -4.4200000e-01
   4.3600000e-01  -4.4200000e-01
   4.3680000e-01  -4.4200000e-01
   4.3760000e-01  -4.4200000e-01
   4.3808000e-01  -4.4200000e-01
   4.3840000e-01  -4.4200000e-01
   4.3952000e-01  -4.4200000e-01
   4.4272000e-01  -4.4200000e-01
   4.4432000e-01  -4.4200000e-01
   4.4464000e-01  -4.4200000e-01
   4.4512000e-01  -4.4200000e-01
   4.4736000e-01  -4.4200000e-01
   4.4784000e-01  -4.4200000e-01
   4.4816000e-01  -4.4200000e-01
   4.5760000e-01  -4.3800000e-01
   4.5872000e-01  -4.3800000e-01
   4.5904000e-01  -4.3800000e-01
   4.5952000e-01  -4.3800000e-01
   4.6080000e-01  -4.3800000e-01
   4.6144000e-01  -4.3800000e-01
   4.6176000e-01  -4.3800000e-01
   4.6208000e-01  -4.3800000e-01
   4.6272000e-01  -4.3800000e-01
   4.6304000e-01  -4.3800000e-01
   4.6352000e-01  -4.3800000e-01
   4.6432000e-01  -4.3800000e-01
   4.6480000e-01  -4.3800000e-01
   4.6512000e-01  -4.3800000e-01
   4.6544000e-01  -4.3800000e-01
   4.6576000e-01  -4.3800000e-01
   4.6624000e-01  -4.3800000e-01
   4.6928000e-01  -4.3800000e-01
   4.6960000e-01  -4.3800000e-01
   4.7056000e-01  -4.3800000e-01
   4.7392000e-01  -4.3800000e-01
   4.7536000e-01  -4.3800000e-01
   4.7616000e-01  -4.3800000e-01
   4.8480000e-01  -4.3800000e-01
   4.8544000e-01  -4.3800000e-01
   4.8960000e-01  -4.3400000e-01
   4.9168000e-01  -4.3400000e-01
   4.9264000e-01  -4.3400000e-01
   4.9296000e-01  -4.3400000e-01
   4.9424000e-01  -4.3400000e-01
   4.9504000e-01  -4.3400000e-01
   4.9552000e-01  -4.3400000e-01
   4.9600000e-01  -4.3400000e-01
   4.9680000e-01  -4.3400000e-01
   4.9792000e-01  -4.3400000e-01
   4.9904000e-01  -4.3400000e-01
   4.9936000e-01  -4.3400000e-01
   5.0224000e-01  -4.3400000e-01
   5.0384000e-01  -4.3400000e-01
   5.0448000e-01  -4.3400000e-01
   5.0480000e-01  -4.3400000e-01
   5.0528000e-01  -4.3400000e-01
   5.0656000e-01  -4.3400000e-01
   5.0688000e-01  -4.3400000e-01
   5.0816000e-01  -4.3400000e-01
   5.0912000e-01  -4.3400000e-01
   5.1776000e-01  -4.3000000e-01
   5.2480000e-01  -4.3000000e-01
   5.2560000e-01  -4.3000000e-01
   5.2640000e-01  -4.3000000e-01
   5.2720000e-01  -4.3000000e-01
   5.2784000e-01  -4.3000000e-01
   5.2848000e-01  -4.3000000e-01
   5.2912000e-01  -4.3000000e-01
   5.2944000e-01  -4.3000000e-01
   5.2976000e-01  -4.3000000e-01
   5.3104000e-01  -4.3000000e-01
   5.3184000e-01  -4.3000000e-01
   5.3232000e-01  -4.3000000e-01
   5.3264000e-01  -4.3000000e-01
   5.3296000e-01  -4.3000000e-01
   5.3360000e-01  -4.3000000e-01
   5.3408000e-01  -4.3000000e-01
   5.3472000e-01  -4.3000000e-01
   5.3600000e-01  -4.3000000e-01
   5.3648000e-01  -4.3000000e-01
   5.3680000e-01  -4.3000000e-01
   5.3712000e-01  -4.3000000e-01
   5.3744000e-01  -4.3000000e-01
   5.3872000e-01  -4.3000000e-01
   5.4240000e-01  -4.3000000e-01
   5.4352000e-01  -4.3000000e-01
   5.4416000e-01  -4.3000000e-01
   5.4464000e-01  -4.3000000e-01
   5.4656000e-01  -4.3000000e-01
   5.4720000e-01  -4.3000000e-01
   5.4864000e-01  -4.3000000e-01
   5.5040000e-01  -4.3000000e-01
   5.5648000e-01  -4.2600000e-01
   5.5728000e-01  -4.2600000e-01
   5.5776000e-01  -4.2600000e-01
   5.5856000e-01  -4.2600000e-01
   5.5920000e-01  -4.2600000e-01
   5.5984000e-01  -4.2600000e-01
   5.6064000e-01  -4.2600000e-01
   5.6112000e-01  -4.2600000e-01
   5.6240000e-01  -4.2600000e-01
   5.6320000e-01  -4.2600000e-01
   5.6384000e-01  -4.2600000e-01
   5.6512000e-01  -4.2600000e-01
   5.6560000e-01  -4.2600000e-01
   5.6624000e-01  -4.2600000e-01
   5.6704000e-01  -4.2600000e-01
   5.6736000e-01  -4.2600000e-01
   5.6768000e-01  -4.2600000e-01
   5.6816000e-01  -4.2600000e-01
   5.6880000e-01  -4.2600000e-01
   5.6912000e-01  -4.2600000e-01
   5.6976000e-01  -4.2600000e-01
   5.7024000e-01  -4.2600000e-01
   5.7072000e-01  -4.2600000e-01
   5.7152000e-01  -4.2600000e-01
   5.7328000e-01  -4.2600000e-01
   5.7424000e-01  -4.2600000e-01
   5.7504000e-01  -4.2600000e-01
   5.7648000e-01  -4.2600000e-01
   5.7696000e-01  -4.2600000e-01
   5.9088000e-01  -4.2200000e-01
   5.9168000e-01  -4.2200000e-01
   5.9200000e-01  -4.2200000e-01
   5.9248000e-01  -4.2200000e-01
   5.9376000e-01  -4.2200000e-01
   5.9424000e-01  -4.2200000e-01
   5.9472000e-01  -4.2200000e-01
   5.9520000e-01  -4.2200000e-01
   5.9552000e-01  -4.2200000e-01
   5.9584000e-01  -4.2200000e-01
   5.9632000e-01  -4.2200000e-01
   5.9744000e-01  -4.2200000e-01
   5.9792000e-01  -4.2200000e-01
   5.9888000e-01  -4.2200000e-01
   5.9984000e-01  -4.2200000e-01
   6.0448000e-01  -4.2200000e-01
   6.1744000e-01  -4.1800000e-01
   6.1840000e-01  -4.1800000e-01
   6.1888000e-01  -4.1800000e-01
   6.1920000e-01  -4.1800000e-01
   6.2016000e-01  -4.1800000e-01
   6.2096000e-01  -4.1800000e-01
   6.2144000e-01  -4.1800000e-01
   6.2192000e-01  -4.1800000e-01
   6.2224000e-01  -4.1800000e-01
   6.2256000e-01  -4.1800000e-01
   6.2320000e-01  -4.1800000e-01
   6.2448000e-01  -4.1800000e-01
   6.2512000e-01  -4.1800000e-01
   6.2544000e-01  -4.1800000e-01
   6.2704000e-01  -4.1800000e-01
   6.2800000e-01  -4.1800000e-01
   6.3200000e-01  -4.1800000e-01
   6.3312000e-01  -4.1800000e-01
   6.3424000e-01  -4.1800000e-01
   6.3472000e-01  -4.1800000e-01
   6.4000000e-01  -4.1400000e-01
   6.4032000e-01  -4.1400000e-01
   6.4144000e-01  -4.1400000e-01
   6.4400000e-01  -4.1400000e-01
   6.4432000e-01  -4.1400000e-01
   6.4480000e-01  -4.1400000e-01
   6.4512000e-01  -4.1400000e-01
   6.4576000e-01  -4.1400000e-01
   6.4704000e-01  -4.1400000e-01
   6.4752000e-01  -4.1400000e-01
   6.4800000e-01  -4.1400000e-01
   6.4880000e-01  -4.1400000e-01
   6.4944000e-01  -4.1400000e-01
   6.5008000e-01  -4.1400000e-01
   6.5040000e-01  -4.1400000e-01
   6.5104000e-01  -4.1400000e-01
   6.5248000e-01  -4.1400000e-01
   6.5360000e-01  -4.1400000e-01
   6.5392000e-01  -4.1400000e-01
   6.5440000e-01  -4.1400000e-01
   6.5760000e-01  -4.1400000e-01
   6.5808000e-01  -4.1400000e-01
   6.6160000e-01  -4.1400000e-01
   6.6480000e-01  -4.1400000e-01
   6.7200000e-01  -4.1000000e-01
   6.7248000e-01  -4.1000000e-01
   6.7504000e-01  -4.1000000e-01
   6.7536000e-01  -4.1000000e-01
   6.7584000e-01  -4.1000000e-01
   6.7664000e-01  -4.1000000e-01
   6.7776000e-01  -4.1000000e-01
   6.7840000e-01  -4.1000000e-01
   6.7952000e-01  -4.1000000e-01
   6.7984000e-01  -4.1000000e-01
   6.8048000e-01  -4.1000000e-01
   6.8080000e-01  -4.1000000e-01
   6.8288000e-01  -4.1000000e-01
   6.8368000e-01  -4.1000000e-01
   6.8400000e-01  -4.1000000e-01
   6.8480000e-01  -4.1000000e-01
   6.8640000e-01  -4.1000000e-01
   6.9344000e-01  -4.1000000e-01
   6.9888000e-01  -4.0600000e-01
   6.9936000e-01  -4.0600000e-01
   7.0032000e-01  -4.0600000e-01
   7.0128000e-01  -4.0600000e-01
   7.0208000e-01  -4.0600000e-01
   7.0272000e-01  -4.0600000e-01
   7.0368000e-01  -4.0600000e-01
   7.0448000e-01  -4.0600000e-01
   7.0512000e-01  -4.0600000e-01
   7.0624000e-01  -4.0600000e-01
   7.0688000e-01  -4.0600000e-01
   7.0752000e-01  -4.0600000e-01
   7.0800000e-01  -4.0600000e-01
   7.0864000e-01  -4.0600000e-01
   7.0992000e-01  -4.0600000e-01
   7.1040000e-01  -4.0600000e-01
   7.1408000e-01  -4.0600000e-01
   7.1504000e-01  -4.0600000e-01
   7.1792000e-01  -4.0200000e-01
   7.1904000e-01  -4.0200000e-01
   7.1984000e-01  -4.0200000e-01
   7.2048000e-01  -4.0200000e-01
   7.2096000e-01  -4.0200000e-01
   7.2176000e-01  -4.0200000e-01
   7.2208000e-01  -4.0200000e-01
   7.2240000e-01  -4.0200000e-01
   7.2288000e-01  -4.0200000e-01
   7.2336000e-01  -4.0200000e-01
   7.2464000e-01  -4.0200000e-01
   7.2496000e-01  -4.0200000e-01
   7.2544000e-01  -4.0200000e-01
   7.2592000e-01  -4.0200000e-01
   7.2640000e-01  -4.0200000e-01
   7.2752000e-01  -4.0200000e-01
   7.2784000e-01  -4.0200000e-01
   7.2816000e-01  -4.0200000e-01
   7.2880000e-01  -4.0200000e-01
   7.2960000e-01  -4.0200000e-01
   7.2992000e-01  -4.0200000e-01
   7.3088000e-01  -4.0200000e-01
   7.3232000e-01  -4.0200000e-01
   7.3312000e-01  -4.0200000e-01
   7.3376000e-01  -4.0200000e-01
   7.3456000e-01  -4.0200000e-01
   7.3536000e-01  -4.0200000e-01
   7.3568000e-01  -4.0200000e-01
   7.3616000e-01  -4.0200000e-01
   7.3648000e-01  -4.0200000e-01
   7.3808000e-01  -4.0200000e-01
   7.3840000e-01  -4.0200000e-01
   7.4528000e-01  -3.9800000e-01
   7.4608000e-01  -3.9800000e-01
   7.5008000e-01  -3.9800000e-01
   7.5056000e-01  -3.9800000e-01
   7.5136000e-01  -3.9800000e-01
   7.5168000e-01  -3.9800000e-01
   7.5216000e-01  -3.9800000e-01
   7.5248000e-01  -3.9800000e-01
   7.5296000e-01  -3.9800000e-01
   7.5328000e-01  -4.0200000e-01
   7.5392000e-01  -3.9800000e-01
   7.5440000e-01  -3.9800000e-01
   7.5504000e-01  -3.9800000e-01
   7.5568000e-01  -3.9800000e-01
   7.5664000e-01  -3.9800000e-01
   7.5696000e-01  -3.9800000e-01
   7.5920000e-01  -3.9800000e-01
   7.7680000e-01  -3.9400000e-01
   7.7744000e-01  -3.9400000e-01
   7.7824000e-01  -3.9400000e-01
   7.7856000e-01  -3.9400000e-01
   7.7952000e-01  -3.9400000e-01
   7.7984000e-01  -3.9400000e-01
   7.8048000e-01  -3.9400000e-01
   7.8080000e-01  -3.9400000e-01
   7.8128000e-01  -3.9400000e-01
   7.8160000e-01  -3.9400000e-01
   7.8192000e-01  -3.9400000e-01
   7.8224000e-01  -3.9400000e-01
   7.8304000e-01  -3.9400000e-01
   7.8384000e-01  -3.9400000e-01
   7.8416000e-01  -3.9400000e-01
   7.8464000e-01  -3.9400000e-01
   7.8512000e-01  -3.9400000e-01
   7.8720000e-01  -3.9400000e-01
   7.8784000e-01  -3.9400000e-01
   7.8848000e-01  -3.9400000e-01
   7.8960000e-01  -3.9400000e-01
   7.9040000e-01  -3.9400000e-01
   7.9120000e-01  -3.9400000e-01
   7.9504000e-01  -3.9400000e-01
   7.9808000e-01  -3.9000000e-01
   7.9904000e-01  -3.9000000e-01
   7.9968000e-01  -3.9000000e-01
   8.0000000e-01  -3.9000000e-01
   8.0160000e-01  -3.9000000e-01
   8.0192000e-01  -3.9000000e-01
   8.0368000e-01  -3.9000000e-01
   8.0464000e-01  -3.9000000e-01
   8.0576000e-01  -3.9000000e-01
   8.0672000e-01  -3.9000000e-01
   8.0704000e-01  -3.9000000e-01
   8.0784000e-01  -3.9000000e-01
   8.0816000e-01  -3.9000000e-01
   8.0864000e-01  -3.9000000e-01
   8.1200000e-01  -3.9000000e-01
   8.1440000e-01  -3.9000000e-01
   8.1552000e-01  -3.9000000e-01
   8.1600000e-01  -3.9000000e-01
   8.1888000e-01  -3.8600000e-01
   8.2272000e-01  -3.8600000e-01
   8.2512000e-01  -3.8600000e-01
   8.2624000e-01  -3.8600000e-01
   8.2688000e-01  -3.8600000e-01
   8.2720000e-01  -3.8600000e-01
   8.2784000e-01  -3.8600000e-01
   8.2816000e-01  -3.8600000e-01
   8.2912000e-01  -3.8600000e-01
   8.2944000e-01  -3.8600000e-01
   8.3040000e-01  -3.8600000e-01
   8.3072000e-01  -3.8600000e-01
   8.3136000e-01  -3.8600000e-01
   8.3184000e-01  -3.8600000e-01
   8.3232000e-01  -3.8600000e-01
   8.3280000e-01  -3.8600000e-01
   8.3328000e-01  -3.8600000e-01
   8.3376000e-01  -3.8600000e-01
   8.3408000e-01  -3.8600000e-01
   8.3440000e-01  -3.8600000e-01
   8.3488000e-01  -3.8600000e-01
   8.3568000e-01  -3.8600000e-01
   8.3648000e-01  -3.8600000e-01
   8.3728000e-01  -3.8600000e-01
   8.3888000e-01  -3.8600000e-01
   8.4880000e-01  -3.8200000e-01
   8.5040000e-01  -3.8200000e-01
   8.5184000e-01  -3.8200000e-01
   8.5360000e-01  -3.8200000e-01
   8.5584000e-01  -3.8200000e-01
   8.5632000e-01  -3.8200000e-01
   8.5696000e-01  -3.8200000e-01
   8.5776000e-01  -3.8200000e-01
   8.5840000e-01  -3.8200000e-01
   8.5872000e-01  -3.8200000e-01
   8.5936000e-01  -3.8200000e-01
   8.6000000e-01  -3.8200000e-01
   8.6112000e-01  -3.8200000e-01
   8.6160000e-01  -3.8200000e-01
   8.6240000e-01  -3.8200000e-01
   8.6288000e-01  -3.8200000e-01
   8.6464000e-01  -3.8200000e-01
   8.6640000e-01  -3.8200000e-01
   8.6704000e-01  -3.8200000e-01
   8.6784000e-01  -3.8200000e-01
   8.7616000e-01  -3.7800000e-01
   8.7712000e-01  -3.7800000e-01
   8.7760000e-01  -3.7800000e-01
   8.7792000e-01  -3.7800000e-01
   8.7888000e-01  -3.7800000e-01
   8.8016000e-01  -3.7800000e-01
   8.8064000e-01  -3.7800000e-01
   8.8160000e-01  -3.7800000e-01
   8.8208000e-01  -3.7800000e-01
   8.8288000e-01  -3.7800000e-01
   8.8432000e-01  -3.7800000e-01
   8.8480000e-01  -3.7800000e-01
   8.8512000e-01  -3.7800000e-01
   8.8544000e-01  -3.7800000e-01
   8.8576000e-01  -3.7800000e-01
   8.8672000e-01  -3.7800000e-01
   8.8736000e-01  -3.7800000e-01
   8.8768000e-01  -3.7800000e-01
   8.8912000e-01  -3.7800000e-01
   8.9920000e-01  -3.7400000e-01
   9.0272000e-01  -3.7400000e-01
   9.0384000e-01  -3.7400000e-01
   9.0448000e-01  -3.7400000e-01
   9.0480000e-01  -3.7400000e-01
   9.0656000e-01  -3.7400000e-01
   9.0768000e-01  -3.7400000e-01
   9.0928000e-01  -3.7400000e-01
   9.0976000e-01  -3.7400000e-01
   9.1088000e-01  -3.7400000e-01
   9.1120000e-01  -3.7400000e-01
   9.1184000e-01  -3.7400000e-01
   9.1296000e-01  -3.7400000e-01
   9.1392000e-01  -3.7400000e-01
   9.1568000e-01  -3.7400000e-01
   9.2368000e-01  -3.7000000e-01
   9.2512000e-01  -3.7000000e-01
   9.2720000e-01  -3.7000000e-01
   9.2768000e-01  -3.7000000e-01
   9.2832000e-01  -3.7000000e-01
   9.2864000e-01  -3.7000000e-01
   9.2976000e-01  -3.7000000e-01
   9.3008000e-01  -3.7000000e-01
   9.3072000e-01  -3.7000000e-01
   9.3152000e-01  -3.7000000e-01
   9.3184000e-01  -3.7000000e-01
   9.3344000e-01  -3.7000000e-01
   9.3456000e-01  -3.7000000e-01
   9.3568000e-01  -3.7000000e-01
   9.5040000e-01  -3.6600000e-01
   9.5168000e-01  -3.6600000e-01
   9.5264000e-01  -3.6600000e-01
   9.5296000e-01  -3.6600000e-01
   9.5344000e-01  -3.6600000e-01
   9.5376000e-01  -3.6600000e-01
   9.5440000e-01  -3.6600000e-01
   9.5472000e-01  -3.6600000e-01
   9.5504000e-01  -3.6600000e-01
   9.5552000e-01  -3.6600000e-01
   9.5648000e-01  -3.6600000e-01
   9.5728000e-01  -3.6600000e-01
   9.7088000e-01  -3.6200000e-01
   9.7168000e-01  -3.6200000e-01
   9.7200000e-01  -3.6200000e-01
   9.7248000e-01  -3.6200000e-01
   9.7376000e-01  -3.6200000e-01
   9.7472000e-01  -3.6200000e-01
   9.7536000e-01  -3.6200000e-01
   9.7568000e-01  -3.6200000e-01
   9.7600000e-01  -3.6200000e-01
   9.7728000e-01  -3.6200000e-01
   9.7824000e-01  -3.6200000e-01
   9.7888000e-01  -3.6200000e-01
   9.8080000e-01  -3.6200000e-01
   9.8464000e-01  -3.6200000e-01
   9.8576000e-01  -3.6200000e-01
   9.8608000e-01  -3.6200000e-01
   9.8672000e-01  -3.6200000e-01
   9.8720000e-01  -3.6200000e-01
   9.9568000e-01  -3.5800000e-01
   9.9600000e-01  -3.5800000e-01
   9.9664000e-01  -3.5800000e-01
   9.9728000e-01  -3.5800000e-01
   9.9760000e-01  -3.5800000e-01
   9.9792000e-01  -3.5800000e-01
   9.9856000e-01  -3.5800000e-01
   9.9888000e-01  -3.5800000e-01
   1.0002000e+00  -3.5800000e-01
   1.0008000e+00  -3.5800000e-01
   1.0016000e+00  -3.5800000e-01
   1.0040000e+00  -3.5800000e-01
   1.0048000e+00  -3.5800000e-01
   1.0053000e+00  -3.5800000e-01
   1.0062000e+00  -3.5800000e-01
   1.0069000e+00  -3.5800000e-01
   1.0074000e+00  -3.5800000e-01
   1.0093000e+00  -3.5800000e-01
   1.0101000e+00  -3.5800000e-01
   1.0114000e+00  -3.5800000e-01
   1.0142000e+00  -3.5800000e-01
   1.0146000e+00  -3.5800000e-01
   1.0149000e+00  -3.5800000e-01
   1.0190000e+00  -3.5400000e-01
   1.0197000e+00  -3.5400000e-01
   1.0206000e+00  -3.5400000e-01
   1.0216000e+00  -3.5400000e-01
   1.0224000e+00  -3.5400000e-01
   1.0234000e+00  -3.5400000e-01
   1.0237000e+00  -3.5400000e-01
   1.0240000e+00  -3.5400000e-01
   1.0248000e+00  -3.5400000e-01
   1.0256000e+00  -3.5400000e-01
   1.0261000e+00  -3.5400000e-01
   1.0272000e+00  -3.5400000e-01
   1.0275000e+00  -3.5400000e-01
   1.0280000e+00  -3.5400000e-01
   1.0283000e+00  -3.5400000e-01
   1.0288000e+00  -3.5400000e-01
   1.0296000e+00  -3.5400000e-01
   1.0301000e+00  -3.5400000e-01
   1.0306000e+00  -3.5400000e-01
   1.0314000e+00  -3.5400000e-01
   1.0333000e+00  -3.5400000e-01
   1.0336000e+00  -3.5400000e-01
   1.0339000e+00  -3.5400000e-01
   1.0347000e+00  -3.5400000e-01
   1.0389000e+00  -3.5000000e-01
   1.0394000e+00  -3.5000000e-01
   1.0403000e+00  -3.5000000e-01
   1.0406000e+00  -3.5000000e-01
   1.0424000e+00  -3.5000000e-01
   1.0429000e+00  -3.5000000e-01
   1.0450000e+00  -3.5000000e-01
   1.0466000e+00  -3.5000000e-01
   1.0474000e+00  -3.5000000e-01
   1.0477000e+00  -3.5000000e-01
   1.0482000e+00  -3.5000000e-01
   1.0493000e+00  -3.5000000e-01
   1.0498000e+00  -3.5000000e-01
   1.0501000e+00  -3.5000000e-01
   1.0504000e+00  -3.5000000e-01
   1.0517000e+00  -3.5000000e-01
   1.0536000e+00  -3.5000000e-01
   1.0549000e+00  -3.5000000e-01
   1.0566000e+00  -3.5000000e-01
   1.0578000e+00  -3.5000000e-01
   1.0581000e+00  -3.5000000e-01
   1.0624000e+00  -3.4600000e-01
   1.0630000e+00  -3.4600000e-01
   1.0658000e+00  -3.4600000e-01
   1.0674000e+00  -3.4600000e-01
   1.0677000e+00  -3.4600000e-01
   1.0682000e+00  -3.4600000e-01
   1.0685000e+00  -3.4600000e-01
   1.0691000e+00  -3.4600000e-01
   1.0696000e+00  -3.4600000e-01
   1.0701000e+00  -3.4600000e-01
   1.0709000e+00  -3.4600000e-01
   1.0718000e+00  -3.4600000e-01
   1.0726000e+00  -3.4600000e-01
   1.0736000e+00  -3.4600000e-01
   1.0739000e+00  -3.4600000e-01
   1.0744000e+00  -3.4600000e-01
   1.0747000e+00  -3.4600000e-01
   1.0757000e+00  -3.4600000e-01
   1.0762000e+00  -3.4600000e-01
   1.0766000e+00  -3.4600000e-01
   1.0779000e+00  -3.4600000e-01
   1.0826000e+00  -3.4600000e-01
   1.0894000e+00  -3.4200000e-01
   1.0901000e+00  -3.4200000e-01
   1.0910000e+00  -3.4200000e-01
   1.0918000e+00  -3.4200000e-01
   1.0930000e+00  -3.4200000e-01
   1.0934000e+00  -3.4200000e-01
   1.0938000e+00  -3.4200000e-01
   1.0947000e+00  -3.4200000e-01
   1.0955000e+00  -3.4200000e-01
   1.0963000e+00  -3.4200000e-01
   1.0970000e+00  -3.4200000e-01
   1.0973000e+00  -3.4200000e-01
   1.0989000e+00  -3.4200000e-01
   1.0994000e+00  -3.4200000e-01
   1.0997000e+00  -3.4200000e-01
   1.1029000e+00  -3.4200000e-01
   1.1043000e+00  -3.4200000e-01
   1.1048000e+00  -3.4200000e-01
   1.1056000e+00  -3.4200000e-01
   1.1059000e+00  -3.4200000e-01
   1.1165000e+00  -3.3800000e-01
   1.1168000e+00  -3.3800000e-01
   1.1197000e+00  -3.3800000e-01
   1.1202000e+00  -3.3800000e-01
   1.1224000e+00  -3.3800000e-01
   1.1230000e+00  -3.3800000e-01
   1.1243000e+00  -3.3800000e-01
   1.1262000e+00  -3.3800000e-01
   1.1266000e+00  -3.3800000e-01
   1.1269000e+00  -3.3800000e-01
   1.1274000e+00  -3.3800000e-01
   1.1291000e+00  -3.3800000e-01
   1.1298000e+00  -3.3800000e-01
   1.1301000e+00  -3.3800000e-01
   1.1309000e+00  -3.3800000e-01
   1.1336000e+00  -3.3800000e-01
   1.1470000e+00  -3.3400000e-01
   1.1485000e+00  -3.3400000e-01
   1.1490000e+00  -3.3400000e-01
   1.1499000e+00  -3.3400000e-01
   1.1502000e+00  -3.3400000e-01
   1.1509000e+00  -3.3400000e-01
   1.1512000e+00  -3.3400000e-01
   1.1517000e+00  -3.3400000e-01
   1.1525000e+00  -3.3400000e-01
   1.1528000e+00  -3.3400000e-01
   1.1533000e+00  -3.3400000e-01
   1.1536000e+00  -3.3400000e-01
   1.1539000e+00  -3.3400000e-01
   1.1546000e+00  -3.3400000e-01
   1.1549000e+00  -3.3400000e-01
   1.1554000e+00  -3.3400000e-01
   1.1557000e+00  -3.3400000e-01
   1.1560000e+00  -3.3400000e-01
   1.1570000e+00  -3.3400000e-01
   1.1578000e+00  -3.3400000e-01
   1.1582000e+00  -3.3400000e-01
   1.1598000e+00  -3.3400000e-01
   1.1632000e+00  -3.3400000e-01
   1.1651000e+00  -3.3400000e-01
   1.1658000e+00  -3.3400000e-01
   1.1779000e+00  -3.3000000e-01
   1.1782000e+00  -3.3000000e-01
   1.1792000e+00  -3.3000000e-01
   1.1798000e+00  -3.3000000e-01
   1.1803000e+00  -3.3000000e-01
   1.1806000e+00  -3.3000000e-01
   1.1810000e+00  -3.3000000e-01
   1.1829000e+00  -3.3000000e-01
   1.1837000e+00  -3.3000000e-01
   1.1843000e+00  -3.3000000e-01
   1.1851000e+00  -3.3000000e-01
   1.1854000e+00  -3.3000000e-01
   1.1859000e+00  -3.3000000e-01
   1.1864000e+00  -3.3000000e-01
   1.1875000e+00  -3.3000000e-01
   1.1883000e+00  -3.3000000e-01
   1.1888000e+00  -3.3000000e-01
   1.1893000e+00  -3.3000000e-01
   1.1902000e+00  -3.3000000e-01
   1.1912000e+00  -3.3000000e-01
   1.1950000e+00  -3.3000000e-01
   1.1957000e+00  -3.3000000e-01
   1.1995000e+00  -3.2600000e-01
   1.2030000e+00  -3.2600000e-01
   1.2040000e+00  -3.2600000e-01
   1.2062000e+00  -3.2600000e-01
   1.2077000e+00  -3.2600000e-01
   1.2093000e+00  -3.2600000e-01
   1.2098000e+00  -3.2600000e-01
   1.2104000e+00  -3.2600000e-01
   1.2107000e+00  -3.2600000e-01
   1.2110000e+00  -3.2600000e-01
   1.2117000e+00  -3.2600000e-01
   1.2125000e+00  -3.2600000e-01
   1.2130000e+00  -3.2600000e-01
   1.2146000e+00  -3.2600000e-01
   1.2149000e+00  -3.2600000e-01
   1.2155000e+00  -3.2600000e-01
   1.2158000e+00  -3.2600000e-01
   1.2162000e+00  -3.2600000e-01
   1.2166000e+00  -3.2600000e-01
   1.2171000e+00  -3.2600000e-01
   1.2197000e+00  -3.2600000e-01
   1.2245000e+00  -3.2600000e-01
   1.2330000e+00  -3.2200000e-01
   1.2333000e+00  -3.2200000e-01
   1.2336000e+00  -3.2200000e-01
   1.2370000e+00  -3.2200000e-01
   1.2381000e+00  -3.2200000e-01
   1.2395000e+00  -3.2200000e-01
   1.2413000e+00  -3.2200000e-01
   1.2419000e+00  -3.2200000e-01
   1.2426000e+00  -3.2200000e-01
   1.2429000e+00  -3.2200000e-01
   1.2446000e+00  -3.2200000e-01
   1.2488000e+00  -3.2200000e-01
   1.2499000e+00  -3.2200000e-01
   1.2568000e+00  -3.2200000e-01
   1.2586000e+00  -3.1800000e-01
   1.2592000e+00  -3.1800000e-01
   1.2611000e+00  -3.1800000e-01
   1.2622000e+00  -3.1800000e-01
   1.2630000e+00  -3.1800000e-01
   1.2645000e+00  -3.1800000e-01
   1.2648000e+00  -3.1800000e-01
   1.2667000e+00  -3.1800000e-01
   1.2675000e+00  -3.1800000e-01
   1.2680000e+00  -3.1800000e-01
   1.2683000e+00  -3.1800000e-01
   1.2694000e+00  -3.1800000e-01
   1.2698000e+00  -3.1800000e-01
   1.2701000e+00  -3.1800000e-01
   1.2710000e+00  -3.1800000e-01
   1.2715000e+00  -3.1800000e-01
   1.2718000e+00  -3.1800000e-01
   1.2725000e+00  -3.1800000e-01
   1.2736000e+00  -3.1800000e-01
   1.2750000e+00  -3.1800000e-01
   1.2754000e+00  -3.1800000e-01
   1.2758000e+00  -3.1800000e-01
   1.2765000e+00  -3.1800000e-01
   1.2782000e+00  -3.1800000e-01
   1.2786000e+00  -3.1800000e-01
   1.2910000e+00  -3.1400000e-01
   1.2918000e+00  -3.1400000e-01
   1.2928000e+00  -3.1400000e-01
   1.2955000e+00  -3.1400000e-01
   1.2962000e+00  -3.1400000e-01
   1.2968000e+00  -3.1400000e-01
   1.2971000e+00  -3.1400000e-01
   1.2974000e+00  -3.1400000e-01
   1.2979000e+00  -3.1400000e-01
   1.2984000e+00  -3.1400000e-01
   1.2989000e+00  -3.1400000e-01
   1.2992000e+00  -3.1400000e-01
   1.3000000e+00  -3.1400000e-01
   1.3005000e+00  -3.1400000e-01
   1.3013000e+00  -3.1400000e-01
   1.3024000e+00  -3.1400000e-01
   1.3037000e+00  -3.1400000e-01
   1.3051000e+00  -3.1400000e-01
   1.3059000e+00  -3.1400000e-01
   1.3098000e+00  -3.1400000e-01
   1.3163000e+00  -3.1400000e-01
   1.3195000e+00  -3.1000000e-01
   1.3205000e+00  -3.1000000e-01
   1.3208000e+00  -3.1000000e-01
   1.3226000e+00  -3.1000000e-01
   1.3240000e+00  -3.1000000e-01
   1.3254000e+00  -3.1000000e-01
   1.3262000e+00  -3.1000000e-01
   1.3274000e+00  -3.1000000e-01
   1.3277000e+00  -3.1000000e-01
   1.3280000e+00  -3.1000000e-01
   1.3285000e+00  -3.1000000e-01
   1.3299000e+00  -3.1000000e-01
   1.3304000e+00  -3.1000000e-01
   1.3310000e+00  -3.1000000e-01
   1.3315000e+00  -3.1000000e-01
   1.3320000e+00  -3.1000000e-01
   1.3323000e+00  -3.1000000e-01
   1.3326000e+00  -3.1000000e-01
   1.3342000e+00  -3.1000000e-01
   1.3346000e+00  -3.1000000e-01
   1.3350000e+00  -3.1000000e-01
   1.3355000e+00  -3.1000000e-01
   1.3376000e+00  -3.1000000e-01
   1.3406000e+00  -3.1000000e-01
   1.3434000e+00  -3.1000000e-01
   1.3442000e+00  -3.1000000e-01
   1.3496000e+00  -3.0600000e-01
   1.3504000e+00  -3.0600000e-01
   1.3507000e+00  -3.0600000e-01
   1.3512000e+00  -3.0600000e-01
   1.3528000e+00  -3.0600000e-01
   1.3541000e+00  -3.0600000e-01
   1.3547000e+00  -3.0600000e-01
   1.3550000e+00  -3.0600000e-01
   1.3554000e+00  -3.0600000e-01
   1.3563000e+00  -3.0600000e-01
   1.3573000e+00  -3.0600000e-01
   1.3586000e+00  -3.0600000e-01
   1.3616000e+00  -3.0600000e-01
   1.3619000e+00  -3.0600000e-01
   1.3622000e+00  -3.0600000e-01
   1.3630000e+00  -3.0600000e-01
   1.3650000e+00  -3.0600000e-01
   1.3658000e+00  -3.0600000e-01
   1.3662000e+00  -3.0600000e-01
   1.3672000e+00  -3.0600000e-01
   1.3675000e+00  -3.0600000e-01
   1.3678000e+00  -3.0600000e-01
   1.3691000e+00  -3.0600000e-01
   1.3720000e+00  -3.0600000e-01
   1.3781000e+00  -3.0200000e-01
   1.3787000e+00  -3.0200000e-01
   1.3790000e+00  -3.0200000e-01
   1.3806000e+00  -3.0200000e-01
   1.3811000e+00  -3.0200000e-01
   1.3826000e+00  -3.0200000e-01
   1.3830000e+00  -3.0200000e-01
   1.3835000e+00  -3.0200000e-01
   1.3838000e+00  -3.0200000e-01
   1.3842000e+00  -3.0200000e-01
   1.3845000e+00  -3.0200000e-01
   1.3850000e+00  -3.0200000e-01
   1.3853000e+00  -3.0200000e-01
   1.3861000e+00  -3.0200000e-01
   1.3877000e+00  -3.0200000e-01
   1.3883000e+00  -3.0200000e-01
   1.3890000e+00  -3.0200000e-01
   1.3894000e+00  -3.0200000e-01
   1.3901000e+00  -3.0200000e-01
   1.3910000e+00  -3.0200000e-01
   1.3917000e+00  -3.0200000e-01
   1.3925000e+00  -3.0200000e-01
   1.3946000e+00  -3.0200000e-01
   1.3957000e+00  -3.0200000e-01
   1.4088000e+00  -2.9800000e-01
   1.4093000e+00  -2.9800000e-01
   1.4099000e+00  -2.9800000e-01
   1.4106000e+00  -2.9800000e-01
   1.4117000e+00  -2.9800000e-01
   1.4130000e+00  -2.9800000e-01
   1.4138000e+00  -2.9800000e-01
   1.4141000e+00  -2.9800000e-01
   1.4150000e+00  -2.9800000e-01
   1.4157000e+00  -2.9800000e-01
   1.4160000e+00  -2.9800000e-01
   1.4166000e+00  -2.9800000e-01
   1.4178000e+00  -2.9800000e-01
   1.4186000e+00  -2.9800000e-01
   1.4192000e+00  -2.9800000e-01
   1.4198000e+00  -2.9800000e-01
   1.4203000e+00  -2.9800000e-01
   1.4211000e+00  -2.9800000e-01
   1.4237000e+00  -2.9800000e-01
   1.4243000e+00  -2.9800000e-01
   1.4246000e+00  -2.9800000e-01
   1.4259000e+00  -2.9800000e-01
   1.4272000e+00  -2.9800000e-01
   1.4278000e+00  -2.9800000e-01
   1.4283000e+00  -2.9800000e-01
   1.4374000e+00  -2.9400000e-01
   1.4395000e+00  -2.9400000e-01
   1.4429000e+00  -2.9400000e-01
   1.4443000e+00  -2.9400000e-01
   1.4474000e+00  -2.9400000e-01
   1.4482000e+00  -2.9400000e-01
   1.4493000e+00  -2.9400000e-01
   1.4504000e+00  -2.9400000e-01
   1.4512000e+00  -2.9400000e-01
   1.4517000e+00  -2.9400000e-01
   1.4522000e+00  -2.9400000e-01
   1.4526000e+00  -2.9400000e-01
   1.4530000e+00  -2.9400000e-01
   1.4552000e+00  -2.9400000e-01
   1.4560000e+00  -2.9400000e-01
   1.4570000e+00  -2.9400000e-01
   1.4576000e+00  -2.9400000e-01
   1.4603000e+00  -2.9400000e-01
   1.4608000e+00  -2.9400000e-01
   1.4648000e+00  -2.9400000e-01
   1.4706000e+00  -2.9000000e-01
   1.4722000e+00  -2.9000000e-01
   1.4726000e+00  -2.9000000e-01
   1.4733000e+00  -2.9000000e-01
   1.4741000e+00  -2.9000000e-01
   1.4758000e+00  -2.9000000e-01
   1.4766000e+00  -2.9000000e-01
   1.4770000e+00  -2.9000000e-01
   1.4779000e+00  -2.9000000e-01
   1.4787000e+00  -2.9000000e-01
   1.4810000e+00  -2.9000000e-01
   1.4814000e+00  -2.9000000e-01
   1.4826000e+00  -2.9000000e-01
   1.4830000e+00  -2.9000000e-01
   1.4846000e+00  -2.9000000e-01
   1.4858000e+00  -2.9000000e-01
   1.4862000e+00  -2.9000000e-01
   1.4872000e+00  -2.9000000e-01
   1.4875000e+00  -2.9000000e-01
   1.4899000e+00  -2.9000000e-01
   1.4922000e+00  -2.9000000e-01
   1.4925000e+00  -2.9000000e-01
   1.4939000e+00  -2.9000000e-01
   1.4974000e+00  -2.8600000e-01
   1.4992000e+00  -2.8600000e-01
   1.5002000e+00  -2.8600000e-01
   1.5005000e+00  -2.8600000e-01
   1.5032000e+00  -2.8600000e-01
   1.5048000e+00  -2.8600000e-01
   1.5056000e+00  -2.8600000e-01
   1.5062000e+00  -2.8600000e-01
   1.5067000e+00  -2.8600000e-01
   1.5074000e+00  -2.8600000e-01
   1.5082000e+00  -2.8600000e-01
   1.5094000e+00  -2.8600000e-01
   1.5098000e+00  -2.8600000e-01
   1.5101000e+00  -2.8600000e-01
   1.5106000e+00  -2.8600000e-01
   1.5109000e+00  -2.8600000e-01
   1.5120000e+00  -2.8600000e-01
   1.5125000e+00  -2.8600000e-01
   1.5128000e+00  -2.8600000e-01
   1.5147000e+00  -2.8600000e-01
   1.5150000e+00  -2.8600000e-01
   1.5158000e+00  -2.8600000e-01
   1.5187000e+00  -2.8600000e-01
   1.5198000e+00  -2.8600000e-01
   1.5222000e+00  -2.8600000e-01
   1.5235000e+00  -2.8600000e-01
   1.5317000e+00  -2.8200000e-01
   1.5339000e+00  -2.8200000e-01
   1.5365000e+00  -2.8200000e-01
   1.5381000e+00  -2.8200000e-01
   1.5384000e+00  -2.8200000e-01
   1.5389000e+00  -2.8200000e-01
   1.5397000e+00  -2.8200000e-01
   1.5406000e+00  -2.8200000e-01
   1.5410000e+00  -2.8200000e-01
   1.5414000e+00  -2.8200000e-01
   1.5421000e+00  -2.8200000e-01
   1.5427000e+00  -2.8200000e-01
   1.5432000e+00  -2.8200000e-01
   1.5435000e+00  -2.8200000e-01
   1.5448000e+00  -2.8200000e-01
   1.5453000e+00  -2.8200000e-01
   1.5462000e+00  -2.8200000e-01
   1.5478000e+00  -2.8200000e-01
   1.5493000e+00  -2.8200000e-01
   1.5496000e+00  -2.8200000e-01
   1.5499000e+00  -2.8200000e-01
   1.5547000e+00  -2.8200000e-01
   1.5550000e+00  -2.8200000e-01
   1.5554000e+00  -2.8200000e-01
   1.5560000e+00  -2.8200000e-01
   1.5680000e+00  -2.7800000e-01
   1.5704000e+00  -2.7800000e-01
   1.5714000e+00  -2.7800000e-01
   1.5717000e+00  -2.7800000e-01
   1.5720000e+00  -2.7800000e-01
   1.5723000e+00  -2.7800000e-01
   1.5733000e+00  -2.7800000e-01
   1.5747000e+00  -2.7800000e-01
   1.5754000e+00  -2.7800000e-01
   1.5758000e+00  -2.7800000e-01
   1.5762000e+00  -2.7800000e-01
   1.5766000e+00  -2.7800000e-01
   1.5782000e+00  -2.7800000e-01
   1.5786000e+00  -2.7800000e-01
   1.5798000e+00  -2.7800000e-01
   1.5827000e+00  -2.7800000e-01
   1.5853000e+00  -2.7800000e-01
   1.5866000e+00  -2.7800000e-01
   1.5875000e+00  -2.7800000e-01
   1.5882000e+00  -2.7800000e-01
   1.5885000e+00  -2.7800000e-01
   1.5891000e+00  -2.7800000e-01
   1.5899000e+00  -2.7800000e-01
   1.5907000e+00  -2.7800000e-01
   1.5930000e+00  -2.7800000e-01
   1.5973000e+00  -2.7400000e-01
   1.5997000e+00  -2.7400000e-01
   1.6002000e+00  -2.7400000e-01
   1.6037000e+00  -2.7400000e-01
   1.6045000e+00  -2.7400000e-01
   1.6053000e+00  -2.7400000e-01
   1.6058000e+00  -2.7400000e-01
   1.6067000e+00  -2.7400000e-01
   1.6083000e+00  -2.7400000e-01
   1.6086000e+00  -2.7400000e-01
   1.6093000e+00  -2.7400000e-01
   1.6101000e+00  -2.7400000e-01
   1.6107000e+00  -2.7400000e-01
   1.6114000e+00  -2.7400000e-01
   1.6120000e+00  -2.7400000e-01
   1.6123000e+00  -2.7400000e-01
   1.6131000e+00  -2.7400000e-01
   1.6144000e+00  -2.7400000e-01
   1.6147000e+00  -2.7400000e-01
   1.6150000e+00  -2.7400000e-01
   1.6158000e+00  -2.7400000e-01
   1.6165000e+00  -2.7400000e-01
   1.6170000e+00  -2.7400000e-01
   1.6176000e+00  -2.7400000e-01
   1.6181000e+00  -2.7400000e-01
   1.6194000e+00  -2.7400000e-01
   1.6219000e+00  -2.7400000e-01
   1.6224000e+00  -2.7400000e-01
   1.6238000e+00  -2.7400000e-01
   1.6251000e+00  -2.7400000e-01
   1.6326000e+00  -2.7400000e-01
   1.6363000e+00  -2.7000000e-01
   1.6379000e+00  -2.7000000e-01
   1.6387000e+00  -2.7000000e-01
   1.6398000e+00  -2.7000000e-01
   1.6403000e+00  -2.7000000e-01
   1.6421000e+00  -2.7000000e-01
   1.6437000e+00  -2.7000000e-01
   1.6442000e+00  -2.7000000e-01
   1.6453000e+00  -2.7000000e-01
   1.6459000e+00  -2.7000000e-01
   1.6472000e+00  -2.7000000e-01
   1.6483000e+00  -2.7000000e-01
   1.6494000e+00  -2.7000000e-01
   1.6502000e+00  -2.7000000e-01
   1.6515000e+00  -2.7000000e-01
   1.6523000e+00  -2.7000000e-01
   1.6541000e+00  -2.7000000e-01
   1.6546000e+00  -2.7000000e-01
   1.6557000e+00  -2.7000000e-01
   1.6584000e+00  -2.7000000e-01
   1.6653000e+00  -2.7000000e-01
   1.6742000e+00  -2.7000000e-01
   1.6770000e+00  -2.6600000e-01
   1.6778000e+00  -2.6600000e-01
   1.6792000e+00  -2.6600000e-01
   1.6798000e+00  -2.6600000e-01
   1.6806000e+00  -2.6600000e-01
   1.6814000e+00  -2.6600000e-01
   1.6821000e+00  -2.6600000e-01
   1.6830000e+00  -2.6600000e-01
   1.6835000e+00  -2.6600000e-01
   1.6840000e+00  -2.6600000e-01
   1.6848000e+00  -2.6600000e-01
   1.6851000e+00  -2.6600000e-01
   1.6856000e+00  -2.6600000e-01
   1.6861000e+00  -2.6600000e-01
   1.6867000e+00  -2.6600000e-01
   1.6870000e+00  -2.6600000e-01
   1.6874000e+00  -2.6600000e-01
   1.6880000e+00  -2.6600000e-01
   1.6885000e+00  -2.6600000e-01
   1.6899000e+00  -2.6600000e-01
   1.6906000e+00  -2.6600000e-01
   1.6933000e+00  -2.6600000e-01
   1.6946000e+00  -2.6600000e-01
   1.6950000e+00  -2.6600000e-01
   1.6955000e+00  -2.6600000e-01
   1.6960000e+00  -2.6600000e-01
   1.6963000e+00  -2.6600000e-01
   1.6966000e+00  -2.6600000e-01
   1.6971000e+00  -2.6600000e-01
   1.6997000e+00  -2.6200000e-01
   1.7058000e+00  -2.6600000e-01
   1.7066000e+00  -2.6200000e-01
   1.7083000e+00  -2.6200000e-01
   1.7086000e+00  -2.6200000e-01
   1.7093000e+00  -2.6200000e-01
   1.7098000e+00  -2.6200000e-01
   1.7101000e+00  -2.6200000e-01
   1.7114000e+00  -2.6200000e-01
   1.7120000e+00  -2.6200000e-01
   1.7125000e+00  -2.6200000e-01
   1.7130000e+00  -2.6200000e-01
   1.7133000e+00  -2.6200000e-01
   1.7136000e+00  -2.6200000e-01
   1.7139000e+00  -2.6200000e-01
   1.7147000e+00  -2.6200000e-01
   1.7152000e+00  -2.6200000e-01
   1.7158000e+00  -2.6200000e-01
   1.7163000e+00  -2.6200000e-01
   1.7166000e+00  -2.6200000e-01
   1.7179000e+00  -2.6200000e-01
   1.7186000e+00  -2.6200000e-01
   1.7189000e+00  -2.6200000e-01
   1.7200000e+00  -2.6200000e-01
   1.7210000e+00  -2.6200000e-01
   1.7213000e+00  -2.6200000e-01
   1.7216000e+00  -2.6200000e-01
   1.7246000e+00  -2.6200000e-01
   1.7251000e+00  -2.6200000e-01
   1.7258000e+00  -2.6200000e-01
   1.7262000e+00  -2.6200000e-01
   1.7275000e+00  -2.6200000e-01
   1.7282000e+00  -2.6200000e-01
   1.7296000e+00  -2.6200000e-01
   1.7314000e+00  -2.6200000e-01
   1.7349000e+00  -2.6200000e-01
   1.7352000e+00  -2.6200000e-01
   1.7397000e+00  -2.5800000e-01
   1.7403000e+00  -2.5800000e-01
   1.7438000e+00  -2.5800000e-01
   1.7475000e+00  -2.5800000e-01
   1.7491000e+00  -2.5800000e-01
   1.7494000e+00  -2.5800000e-01
   1.7501000e+00  -2.5800000e-01
   1.7504000e+00  -2.5800000e-01
   1.7518000e+00  -2.5800000e-01
   1.7522000e+00  -2.5800000e-01
   1.7533000e+00  -2.5800000e-01
   1.7538000e+00  -2.5800000e-01
   1.7546000e+00  -2.5800000e-01
   1.7550000e+00  -2.5800000e-01
   1.7554000e+00  -2.5800000e-01
   1.7560000e+00  -2.5800000e-01
   1.7565000e+00  -2.5800000e-01
   1.7573000e+00  -2.5800000e-01
   1.7582000e+00  -2.5800000e-01
   1.7586000e+00  -2.5800000e-01
   1.7598000e+00  -2.5800000e-01
   1.7608000e+00  -2.5800000e-01
   1.7613000e+00  -2.5800000e-01
   1.7619000e+00  -2.5800000e-01
   1.7632000e+00  -2.5800000e-01
   1.7640000e+00  -2.5800000e-01
   1.7654000e+00  -2.5800000e-01
   1.7661000e+00  -2.5800000e-01
   1.7666000e+00  -2.5800000e-01
   1.7698000e+00  -2.5800000e-01
   1.7710000e+00  -2.5800000e-01
   1.7776000e+00  -2.5400000e-01
   1.7794000e+00  -2.5400000e-01
   1.7810000e+00  -2.5400000e-01
   1.7814000e+00  -2.5400000e-01
   1.7818000e+00  -2.5400000e-01
   1.7824000e+00  -2.5400000e-01
   1.7830000e+00  -2.5400000e-01
   1.7837000e+00  -2.5400000e-01
   1.7848000e+00  -2.5400000e-01
   1.7853000e+00  -2.5400000e-01
   1.7861000e+00  -2.5400000e-01
   1.7885000e+00  -2.5400000e-01
   1.7888000e+00  -2.5400000e-01
   1.7898000e+00  -2.5400000e-01
   1.7904000e+00  -2.5400000e-01
   1.7923000e+00  -2.5400000e-01
   1.7931000e+00  -2.5400000e-01
   1.7938000e+00  -2.5400000e-01
   1.7942000e+00  -2.5400000e-01
   1.7949000e+00  -2.5400000e-01
   1.7954000e+00  -2.5400000e-01
   1.7965000e+00  -2.5400000e-01
   1.7971000e+00  -2.5400000e-01
   1.8002000e+00  -2.5400000e-01
   1.8013000e+00  -2.5400000e-01
   1.8024000e+00  -2.5400000e-01
   1.8062000e+00  -2.5400000e-01
   1.8072000e+00  -2.5400000e-01
   1.8077000e+00  -2.5400000e-01
   1.8082000e+00  -2.5400000e-01
   1.8085000e+00  -2.5400000e-01
   1.8098000e+00  -2.5400000e-01
   1.8101000e+00  -2.5400000e-01
   1.8155000e+00  -2.5400000e-01
   1.8168000e+00  -2.5000000e-01
   1.8173000e+00  -2.5000000e-01
   1.8181000e+00  -2.5000000e-01
   1.8186000e+00  -2.5000000e-01
   1.8194000e+00  -2.5000000e-01
   1.8200000e+00  -2.5000000e-01
   1.8208000e+00  -2.5000000e-01
   1.8211000e+00  -2.5000000e-01
   1.8216000e+00  -2.5000000e-01
   1.8226000e+00  -2.5000000e-01
   1.8229000e+00  -2.5000000e-01
   1.8234000e+00  -2.5000000e-01
   1.8237000e+00  -2.5000000e-01
   1.8242000e+00  -2.5000000e-01
   1.8246000e+00  -2.5000000e-01
   1.8251000e+00  -2.5000000e-01
   1.8266000e+00  -2.5000000e-01
   1.8270000e+00  -2.5000000e-01
   1.8282000e+00  -2.5000000e-01
   1.8288000e+00  -2.5000000e-01
   1.8293000e+00  -2.5000000e-01
   1.8302000e+00  -2.5000000e-01
   1.8307000e+00  -2.5000000e-01
   1.8314000e+00  -2.5000000e-01
   1.8320000e+00  -2.5000000e-01
   1.8331000e+00  -2.5000000e-01
   1.8338000e+00  -2.5000000e-01
   1.8344000e+00  -2.5000000e-01
   1.8349000e+00  -2.5000000e-01
   1.8354000e+00  -2.5000000e-01
   1.8362000e+00  -2.5000000e-01
   1.8395000e+00  -2.5000000e-01
   1.8429000e+00  -2.5000000e-01
   1.8474000e+00  -2.5000000e-01
   1.8514000e+00  -2.5000000e-01
   1.8546000e+00  -2.5000000e-01
   1.8562000e+00  -2.5000000e-01
   1.8602000e+00  -2.4600000e-01
   1.8606000e+00  -2.4600000e-01
   1.8616000e+00  -2.4600000e-01
   1.8619000e+00  -2.4600000e-01
   1.8627000e+00  -2.4600000e-01
   1.8632000e+00  -2.4600000e-01
   1.8640000e+00  -2.4600000e-01
   1.8645000e+00  -2.4600000e-01
   1.8650000e+00  -2.4600000e-01
   1.8656000e+00  -2.4600000e-01
   1.8659000e+00  -2.4600000e-01
   1.8683000e+00  -2.4600000e-01
   1.8686000e+00  -2.4600000e-01
   1.8702000e+00  -2.4600000e-01
   1.8707000e+00  -2.4600000e-01
   1.8714000e+00  -2.4600000e-01
   1.8718000e+00  -2.4600000e-01
   1.8722000e+00  -2.4600000e-01
   1.8734000e+00  -2.4600000e-01
   1.8744000e+00  -2.4600000e-01
   1.8754000e+00  -2.4600000e-01
   1.8757000e+00  -2.4600000e-01
   1.8765000e+00  -2.4600000e-01
   1.8774000e+00  -2.4600000e-01
   1.8782000e+00  -2.4600000e-01
   1.8792000e+00  -2.4600000e-01
   1.8800000e+00  -2.4600000e-01
   1.8853000e+00  -2.4600000e-01
   1.8952000e+00  -2.4600000e-01
   1.9030000e+00  -2.4200000e-01
   1.9037000e+00  -2.4200000e-01
   1.9050000e+00  -2.4200000e-01
   1.9061000e+00  -2.4200000e-01
   1.9080000e+00  -2.4200000e-01
   1.9101000e+00  -2.4200000e-01
   1.9110000e+00  -2.4200000e-01
   1.9114000e+00  -2.4200000e-01
   1.9130000e+00  -2.4200000e-01
   1.9142000e+00  -2.4200000e-01
   1.9146000e+00  -2.4200000e-01
   1.9154000e+00  -2.4200000e-01
   1.9163000e+00  -2.4200000e-01
   1.9166000e+00  -2.4200000e-01
   1.9178000e+00  -2.4200000e-01
   1.9182000e+00  -2.4200000e-01
   1.9198000e+00  -2.4200000e-01
   1.9202000e+00  -2.4200000e-01
   1.9219000e+00  -2.4200000e-01
   1.9224000e+00  -2.4200000e-01
   1.9235000e+00  -2.4200000e-01
   1.9254000e+00  -2.4200000e-01
   1.9264000e+00  -2.4200000e-01
   1.9272000e+00  -2.4200000e-01
   1.9280000e+00  -2.4200000e-01
   1.9314000e+00  -2.4200000e-01
   1.9398000e+00  -2.3800000e-01
   1.9402000e+00  -2.3800000e-01
   1.9411000e+00  -2.3800000e-01
   1.9414000e+00  -2.3800000e-01
   1.9421000e+00  -2.3800000e-01
   1.9426000e+00  -2.3800000e-01
   1.9450000e+00  -2.3800000e-01
   1.9456000e+00  -2.3800000e-01
   1.9459000e+00  -2.3800000e-01
   1.9462000e+00  -2.3800000e-01
   1.9467000e+00  -2.3800000e-01
   1.9470000e+00  -2.3800000e-01
   1.9486000e+00  -2.3800000e-01
   1.9491000e+00  -2.3800000e-01
   1.9496000e+00  -2.3800000e-01
   1.9499000e+00  -2.3800000e-01
   1.9502000e+00  -2.3800000e-01
   1.9506000e+00  -2.3800000e-01
   1.9509000e+00  -2.3800000e-01
   1.9512000e+00  -2.3800000e-01
   1.9517000e+00  -2.3800000e-01
   1.9525000e+00  -2.3800000e-01
   1.9528000e+00  -2.3800000e-01
   1.9531000e+00  -2.3800000e-01
   1.9534000e+00  -2.3800000e-01
   1.9538000e+00  -2.3800000e-01
   1.9546000e+00  -2.3800000e-01
   1.9557000e+00  -2.3800000e-01
   1.9562000e+00  -2.3800000e-01
   1.9587000e+00  -2.3800000e-01
   1.9597000e+00  -2.3800000e-01
   1.9603000e+00  -2.3800000e-01
   1.9611000e+00  -2.3800000e-01
   1.9654000e+00  -2.3800000e-01
   1.9659000e+00  -2.3800000e-01
   1.9677000e+00  -2.3800000e-01
   1.9914000e+00  -2.3400000e-01
   1.9928000e+00  -2.3400000e-01
   1.9931000e+00  -2.3400000e-01
   1.9936000e+00  -2.3400000e-01
   1.9950000e+00  -2.3400000e-01
   1.9954000e+00  -2.3400000e-01
   1.9963000e+00  -2.3400000e-01
   1.9966000e+00  -2.3400000e-01
   1.9974000e+00  -2.3400000e-01
   1.9979000e+00  -2.3400000e-01
   1.9984000e+00  -2.3400000e-01
   1.9989000e+00  -2.3400000e-01
   2.0002000e+00  -2.3400000e-01
   2.0010000e+00  -2.3400000e-01
   2.0013000e+00  -2.3400000e-01
   2.0018000e+00  -2.3400000e-01
   2.0032000e+00  -2.3400000e-01
   2.0040000e+00  -2.3400000e-01
   2.0045000e+00  -2.3400000e-01
   2.0050000e+00  -2.3400000e-01
   2.0054000e+00  -2.3400000e-01
   2.0059000e+00  -2.3400000e-01
   2.0067000e+00  -2.3400000e-01
   2.0074000e+00  -2.3400000e-01
   2.0077000e+00  -2.3400000e-01
   2.0080000e+00  -2.3400000e-01
   2.0086000e+00  -2.3400000e-01
   2.0091000e+00  -2.3400000e-01
   2.0098000e+00  -2.3400000e-01
   2.0104000e+00  -2.3400000e-01
   2.0107000e+00  -2.3400000e-01
   2.0131000e+00  -2.3400000e-01
   2.0138000e+00  -2.3400000e-01
   2.0162000e+00  -2.3400000e-01
   2.0165000e+00  -2.3400000e-01
   2.0232000e+00  -2.3000000e-01
   2.0274000e+00  -2.3400000e-01
   2.0307000e+00  -2.3000000e-01
   2.0376000e+00  -2.3000000e-01
   2.0382000e+00  -2.3000000e-01
   2.0389000e+00  -2.3000000e-01
   2.0392000e+00  -2.3000000e-01
   2.0405000e+00  -2.3000000e-01
   2.0410000e+00  -2.3000000e-01
   2.0418000e+00  -2.3000000e-01
   2.0422000e+00  -2.3000000e-01
   2.0427000e+00  -2.3000000e-01
   2.0432000e+00  -2.3000000e-01
   2.0440000e+00  -2.3000000e-01
   2.0445000e+00  -2.3000000e-01
   2.0448000e+00  -2.3000000e-01
   2.0453000e+00  -2.3000000e-01
   2.0459000e+00  -2.3000000e-01
   2.0464000e+00  -2.3000000e-01
   2.0467000e+00  -2.3000000e-01
   2.0475000e+00  -2.3000000e-01
   2.0482000e+00  -2.3000000e-01
   2.0490000e+00  -2.3000000e-01
   2.0501000e+00  -2.3000000e-01
   2.0509000e+00  -2.3000000e-01
   2.0523000e+00  -2.3000000e-01
   2.0531000e+00  -2.3000000e-01
   2.0541000e+00  -2.3000000e-01
   2.0547000e+00  -2.3000000e-01
   2.0550000e+00  -2.3000000e-01
   2.0558000e+00  -2.3000000e-01
   2.0562000e+00  -2.3000000e-01
   2.0570000e+00  -2.3000000e-01
   2.0573000e+00  -2.3000000e-01
   2.0584000e+00  -2.3000000e-01
   2.0590000e+00  -2.3000000e-01
   2.0675000e+00  -2.3000000e-01
   2.0776000e+00  -2.2600000e-01
   2.0782000e+00  -2.2600000e-01
   2.0798000e+00  -2.2600000e-01
   2.0805000e+00  -2.2600000e-01
   2.0829000e+00  -2.2600000e-01
   2.0838000e+00  -2.2600000e-01
   2.0850000e+00  -2.2600000e-01
   2.0853000e+00  -2.2600000e-01
   2.0856000e+00  -2.2600000e-01
   2.0864000e+00  -2.2600000e-01
   2.0882000e+00  -2.2600000e-01
   2.0886000e+00  -2.2600000e-01
   2.0890000e+00  -2.2600000e-01
   2.0902000e+00  -2.2600000e-01
   2.0906000e+00  -2.2600000e-01
   2.0914000e+00  -2.2600000e-01
   2.0920000e+00  -2.2600000e-01
   2.0925000e+00  -2.2600000e-01
   2.0928000e+00  -2.2600000e-01
   2.0933000e+00  -2.2600000e-01
   2.0936000e+00  -2.2600000e-01
   2.0942000e+00  -2.2600000e-01
   2.0949000e+00  -2.2600000e-01
   2.0952000e+00  -2.2600000e-01
   2.0960000e+00  -2.2600000e-01
   2.0965000e+00  -2.2600000e-01
   2.0970000e+00  -2.2600000e-01
   2.0979000e+00  -2.2600000e-01
   2.0986000e+00  -2.2600000e-01
   2.0994000e+00  -2.2600000e-01
   2.0997000e+00  -2.2600000e-01
   2.1011000e+00  -2.2600000e-01
   2.1027000e+00  -2.2600000e-01
   2.1038000e+00  -2.2600000e-01
   2.1045000e+00  -2.2600000e-01
   2.1054000e+00  -2.2600000e-01
   2.1061000e+00  -2.2600000e-01
   2.1067000e+00  -2.2600000e-01
   2.1085000e+00  -2.2600000e-01
   2.1102000e+00  -2.2600000e-01
   2.1117000e+00  -2.2600000e-01
   2.1128000e+00  -2.2600000e-01
   2.1142000e+00  -2.2600000e-01
   2.1149000e+00  -2.2600000e-01
   2.1160000e+00  -2.2600000e-01
   2.1165000e+00  -2.2600000e-01
   2.1168000e+00  -2.2600000e-01
   2.1200000e+00  -2.2200000e-01
   2.1213000e+00  -2.2200000e-01
   2.1227000e+00  -2.2200000e-01
   2.1283000e+00  -2.2200000e-01
   2.1291000e+00  -2.2600000e-01
   2.1298000e+00  -2.2200000e-01
   2.1310000e+00  -2.2200000e-01
   2.1315000e+00  -2.2200000e-01
   2.1318000e+00  -2.2200000e-01
   2.1325000e+00  -2.2200000e-01
   2.1334000e+00  -2.2200000e-01
   2.1347000e+00  -2.2200000e-01
   2.1354000e+00  -2.2200000e-01
   2.1357000e+00  -2.2200000e-01
   2.1368000e+00  -2.2200000e-01
   2.1373000e+00  -2.2200000e-01
   2.1376000e+00  -2.2200000e-01
   2.1387000e+00  -2.2200000e-01
   2.1390000e+00  -2.2200000e-01
   2.1398000e+00  -2.2200000e-01
   2.1402000e+00  -2.2200000e-01
   2.1405000e+00  -2.2200000e-01
   2.1418000e+00  -2.2200000e-01
   2.1424000e+00  -2.2200000e-01
   2.1427000e+00  -2.2200000e-01
   2.1434000e+00  -2.2200000e-01
   2.1437000e+00  -2.2200000e-01
   2.1451000e+00  -2.2200000e-01
   2.1454000e+00  -2.2200000e-01
   2.1464000e+00  -2.2200000e-01
   2.1470000e+00  -2.2200000e-01
   2.1474000e+00  -2.2200000e-01
   2.1482000e+00  -2.2200000e-01
   2.1486000e+00  -2.2200000e-01
   2.1491000e+00  -2.2200000e-01
   2.1494000e+00  -2.2200000e-01
   2.1514000e+00  -2.2200000e-01
   2.1520000e+00  -2.2200000e-01
   2.1526000e+00  -2.2200000e-01
   2.1562000e+00  -2.2200000e-01
   2.1576000e+00  -2.2200000e-01
   2.1579000e+00  -2.2200000e-01
   2.1589000e+00  -2.2200000e-01
   2.1602000e+00  -2.2200000e-01
   2.1677000e+00  -2.2200000e-01
   2.1707000e+00  -2.2200000e-01
   2.1806000e+00  -2.1800000e-01
   2.1813000e+00  -2.1800000e-01
   2.1862000e+00  -2.1800000e-01
   2.1891000e+00  -2.1800000e-01
   2.1896000e+00  -2.1800000e-01
   2.1904000e+00  -2.1800000e-01
   2.1909000e+00  -2.1800000e-01
   2.1912000e+00  -2.1800000e-01
   2.1920000e+00  -2.1800000e-01
   2.1930000e+00  -2.1800000e-01
   2.1934000e+00  -2.1800000e-01
   2.1939000e+00  -2.1800000e-01
   2.1942000e+00  -2.1800000e-01
   2.1949000e+00  -2.1800000e-01
   2.1957000e+00  -2.1800000e-01
   2.1965000e+00  -2.1800000e-01
   2.1971000e+00  -2.1800000e-01
   2.1979000e+00  -2.1800000e-01
   2.1995000e+00  -2.1800000e-01
   2.1998000e+00  -2.1800000e-01
   2.2005000e+00  -2.1800000e-01
   2.2011000e+00  -2.1800000e-01
   2.2014000e+00  -2.1800000e-01
   2.2018000e+00  -2.1800000e-01
   2.2026000e+00  -2.1800000e-01
   2.2029000e+00  -2.1800000e-01
   2.2032000e+00  -2.1800000e-01
   2.2037000e+00  -2.1800000e-01
   2.2051000e+00  -2.1800000e-01
   2.2056000e+00  -2.1800000e-01
   2.2064000e+00  -2.1800000e-01
   2.2077000e+00  -2.1800000e-01
   2.2085000e+00  -2.1800000e-01
   2.2098000e+00  -2.1800000e-01
   2.2102000e+00  -2.1800000e-01
   2.2147000e+00  -2.1800000e-01
   2.2158000e+00  -2.1800000e-01
   2.2206000e+00  -2.1400000e-01
   2.2270000e+00  -2.1400000e-01
   2.2277000e+00  -2.1400000e-01
   2.2283000e+00  -2.1400000e-01
   2.2294000e+00  -2.1400000e-01
   2.2304000e+00  -2.1400000e-01
   2.2314000e+00  -2.1400000e-01
   2.2317000e+00  -2.1400000e-01
   2.2330000e+00  -2.1400000e-01
   2.2334000e+00  -2.1400000e-01
   2.2338000e+00  -2.1400000e-01
   2.2363000e+00  -2.1400000e-01
   2.2370000e+00  -2.1400000e-01
   2.2373000e+00  -2.1400000e-01
   2.2389000e+00  -2.1400000e-01
   2.2392000e+00  -2.1400000e-01
   2.2395000e+00  -2.1400000e-01
   2.2406000e+00  -2.1400000e-01
   2.2427000e+00  -2.1400000e-01
   2.2445000e+00  -2.1400000e-01
   2.2458000e+00  -2.1400000e-01
   2.2467000e+00  -2.1400000e-01
   2.2474000e+00  -2.1400000e-01
   2.2478000e+00  -2.1400000e-01
   2.2482000e+00  -2.1400000e-01
   2.2486000e+00  -2.1400000e-01
   2.2491000e+00  -2.1400000e-01
   2.2494000e+00  -2.1400000e-01
   2.2498000e+00  -2.1400000e-01
   2.2507000e+00  -2.1400000e-01
   2.2520000e+00  -2.1400000e-01
   2.2523000e+00  -2.1400000e-01
   2.2528000e+00  -2.1400000e-01
   2.2541000e+00  -2.1400000e-01
   2.2550000e+00  -2.1400000e-01
   2.2557000e+00  -2.1400000e-01
   2.2562000e+00  -2.1400000e-01
   2.2566000e+00  -2.1400000e-01
   2.2571000e+00  -2.1400000e-01
   2.2574000e+00  -2.1400000e-01
   2.2582000e+00  -2.1400000e-01
   2.2586000e+00  -2.1400000e-01
   2.2646000e+00  -2.1400000e-01
   2.2675000e+00  -2.1400000e-01
   2.2686000e+00  -2.1400000e-01
   2.2720000e+00  -2.1400000e-01
   2.2752000e+00  -2.1400000e-01
   2.2795000e+00  -2.1000000e-01
   2.2814000e+00  -2.1000000e-01
   2.2870000e+00  -2.1000000e-01
   2.2890000e+00  -2.1000000e-01
   2.2893000e+00  -2.1000000e-01
   2.2914000e+00  -2.1000000e-01
   2.2925000e+00  -2.1000000e-01
   2.2934000e+00  -2.1000000e-01
   2.2938000e+00  -2.1000000e-01
   2.2957000e+00  -2.1000000e-01
   2.2971000e+00  -2.1000000e-01
   2.2979000e+00  -2.1000000e-01
   2.2986000e+00  -2.1000000e-01
   2.2995000e+00  -2.1000000e-01
   2.2998000e+00  -2.1000000e-01
   2.3008000e+00  -2.1000000e-01
   2.3029000e+00  -2.1000000e-01
   2.3040000e+00  -2.1000000e-01
   2.3045000e+00  -2.1000000e-01
   2.3051000e+00  -2.1000000e-01
   2.3059000e+00  -2.1000000e-01
   2.3066000e+00  -2.1000000e-01
   2.3072000e+00  -2.1000000e-01
   2.3077000e+00  -2.1000000e-01
   2.3080000e+00  -2.1000000e-01
   2.3107000e+00  -2.1000000e-01
   2.3112000e+00  -2.1000000e-01
   2.3122000e+00  -2.1000000e-01
   2.3134000e+00  -2.1000000e-01
   2.3147000e+00  -2.1000000e-01
   2.3152000e+00  -2.1000000e-01
   2.3155000e+00  -2.1000000e-01
   2.3162000e+00  -2.1000000e-01
   2.3166000e+00  -2.1000000e-01
   2.3178000e+00  -2.1000000e-01
   2.3184000e+00  -2.1000000e-01
   2.3208000e+00  -2.1000000e-01
   2.3275000e+00  -2.1000000e-01
   2.3285000e+00  -2.1000000e-01
   2.3426000e+00  -2.0600000e-01
   2.3448000e+00  -2.1000000e-01
   2.3490000e+00  -2.0600000e-01
   2.3512000e+00  -2.0600000e-01
   2.3515000e+00  -2.0600000e-01
   2.3518000e+00  -2.0600000e-01
   2.3528000e+00  -2.0600000e-01
   2.3533000e+00  -2.0600000e-01
   2.3541000e+00  -2.0600000e-01
   2.3547000e+00  -2.0600000e-01
   2.3557000e+00  -2.0600000e-01
   2.3573000e+00  -2.0600000e-01
   2.3578000e+00  -2.0600000e-01
   2.3584000e+00  -2.0600000e-01
   2.3602000e+00  -2.0600000e-01
   2.3611000e+00  -2.0600000e-01
   2.3618000e+00  -2.0600000e-01
   2.3622000e+00  -2.0600000e-01
   2.3626000e+00  -2.0600000e-01
   2.3635000e+00  -2.0600000e-01
   2.3640000e+00  -2.0600000e-01
   2.3643000e+00  -2.0600000e-01
   2.3648000e+00  -2.0600000e-01
   2.3651000e+00  -2.0600000e-01
   2.3661000e+00  -2.0600000e-01
   2.3666000e+00  -2.0600000e-01
   2.3669000e+00  -2.0600000e-01
   2.3672000e+00  -2.0600000e-01
   2.3683000e+00  -2.0600000e-01
   2.3693000e+00  -2.0600000e-01
   2.3704000e+00  -2.0600000e-01
   2.3725000e+00  -2.0600000e-01
   2.3744000e+00  -2.0600000e-01
   2.3757000e+00  -2.0600000e-01
   2.3762000e+00  -2.0600000e-01
   2.3766000e+00  -2.0600000e-01
   2.3778000e+00  -2.0600000e-01
   2.3795000e+00  -2.0600000e-01
   2.3800000e+00  -2.0600000e-01
   2.3803000e+00  -2.0600000e-01
   2.3827000e+00  -2.0600000e-01
   2.3834000e+00  -2.0600000e-01
   2.3851000e+00  -2.0600000e-01
   2.3861000e+00  -2.0600000e-01
   2.3890000e+00  -2.0600000e-01
   2.4117000e+00  -2.0200000e-01
   2.4128000e+00  -2.0200000e-01
   2.4189000e+00  -2.0200000e-01
   2.4195000e+00  -2.0200000e-01
   2.4198000e+00  -2.0200000e-01
   2.4208000e+00  -2.0200000e-01
   2.4213000e+00  -2.0200000e-01
   2.4221000e+00  -2.0200000e-01
   2.4224000e+00  -2.0200000e-01
   2.4235000e+00  -2.0200000e-01
   2.4259000e+00  -2.0200000e-01
   2.4264000e+00  -2.0200000e-01
   2.4267000e+00  -2.0200000e-01
   2.4282000e+00  -2.0200000e-01
   2.4285000e+00  -2.0200000e-01
   2.4288000e+00  -2.0200000e-01
   2.4293000e+00  -2.0200000e-01
   2.4309000e+00  -2.0200000e-01
   2.4314000e+00  -2.0200000e-01
   2.4322000e+00  -2.0200000e-01
   2.4330000e+00  -2.0200000e-01
   2.4333000e+00  -2.0200000e-01
   2.4336000e+00  -2.0200000e-01
   2.4341000e+00  -2.0200000e-01
   2.4354000e+00  -2.0200000e-01
   2.4362000e+00  -2.0200000e-01
   2.4366000e+00  -2.0200000e-01
   2.4376000e+00  -2.0200000e-01
   2.4408000e+00  -2.0200000e-01
   2.4443000e+00  -2.0200000e-01
   2.4446000e+00  -2.0200000e-01
   2.4472000e+00  -2.0200000e-01
   2.4486000e+00  -2.0200000e-01
   2.4490000e+00  -2.0200000e-01
   2.4507000e+00  -2.0200000e-01
   2.4555000e+00  -2.0200000e-01
   2.4563000e+00  -2.0200000e-01
   2.4701000e+00  -1.9800000e-01
   2.4754000e+00  -1.9800000e-01
   2.4795000e+00  -1.9800000e-01
   2.4798000e+00  -1.9800000e-01
   2.4802000e+00  -1.9800000e-01
   2.4805000e+00  -1.9800000e-01
   2.4816000e+00  -1.9800000e-01
   2.4824000e+00  -1.9800000e-01
   2.4832000e+00  -1.9800000e-01
   2.4837000e+00  -1.9800000e-01
   2.4845000e+00  -1.9800000e-01
   2.4848000e+00  -1.9800000e-01
   2.4851000e+00  -1.9800000e-01
   2.4854000e+00  -1.9800000e-01
   2.4862000e+00  -1.9800000e-01
   2.4875000e+00  -1.9800000e-01
   2.4896000e+00  -1.9800000e-01
   2.4902000e+00  -1.9800000e-01
   2.4910000e+00  -1.9800000e-01
   2.4918000e+00  -1.9800000e-01
   2.4928000e+00  -1.9800000e-01
   2.4933000e+00  -1.9800000e-01
   2.4938000e+00  -1.9800000e-01
   2.4941000e+00  -1.9800000e-01
   2.4946000e+00  -1.9800000e-01
   2.4949000e+00  -1.9800000e-01
   2.4962000e+00  -1.9800000e-01
   2.4973000e+00  -1.9800000e-01
   2.4976000e+00  -1.9800000e-01
   2.4982000e+00  -1.9800000e-01
   2.4995000e+00  -1.9800000e-01
   2.5006000e+00  -1.9800000e-01
   2.5014000e+00   7.8000000e-02
   2.5022000e+00   3.2200000e-01
   2.5032000e+00   2.3800000e-01
   2.5038000e+00   9.8000000e-02
   2.5046000e+00   3.2200000e-01
   2.5053000e+00   2.7000000e-01
   2.5059000e+00   2.7800000e-01
   2.5066000e+00  -2.2000000e-02
   2.5070000e+00   2.2600000e-01
   2.5075000e+00  -5.0000000e-02
   2.5082000e+00  -1.7000000e-01
   2.5086000e+00  -1.7000000e-01
   2.5091000e+00  -2.5800000e-01
   2.5094000e+00  -1.6600000e-01
   2.5099000e+00   7.4000000e-02
   2.5104000e+00  -7.8000000e-02
   2.5107000e+00  -2.5400000e-01
   2.5112000e+00   2.2000000e-02
   2.5115000e+00  -2.9400000e-01
   2.5120000e+00  -1.6600000e-01
   2.5123000e+00  -3.8000000e-02
   2.5126000e+00  -3.7800000e-01
   2.5131000e+00  -3.3400000e-01
   2.5134000e+00  -1.3000000e-01
   2.5138000e+00   1.8000000e-02
   2.5141000e+00  -1.7000000e-01
   2.5144000e+00  -2.7800000e-01
   2.5147000e+00  -3.4600000e-01
   2.5150000e+00  -3.6600000e-01
   2.5154000e+00  -3.6600000e-01
   2.5157000e+00  -3.2200000e-01
   2.5160000e+00  -2.4200000e-01
   2.5163000e+00  -9.4000000e-02
   2.5166000e+00  -2.2200000e-01
   2.5170000e+00  -4.0600000e-01
   2.5174000e+00  -4.5800000e-01
   2.5178000e+00  -2.7400000e-01
   2.5181000e+00  -3.3000000e-01
   2.5186000e+00  -4.5000000e-01
   2.5189000e+00  -2.0200000e-01
   2.5194000e+00  -4.5800000e-01
   2.5197000e+00  -3.3000000e-01
   2.5202000e+00  -3.4200000e-01
   2.5206000e+00  -4.6200000e-01
   2.5210000e+00  -4.5800000e-01
   2.5214000e+00  -4.3400000e-01
   2.5219000e+00  -4.4600000e-01
   2.5226000e+00  -4.6600000e-01
   2.5230000e+00  -3.8600000e-01
   2.5235000e+00  -4.3400000e-01
   2.5242000e+00  -3.6200000e-01
   2.5248000e+00  -4.3000000e-01
   2.5254000e+00  -4.0600000e-01
   2.5261000e+00  -4.4600000e-01
   2.5269000e+00  -4.1000000e-01
   2.5277000e+00  -4.6600000e-01
   2.5283000e+00  -4.6600000e-01
   2.5288000e+00  -4.6600000e-01
   2.5291000e+00  -4.6600000e-01
   2.5299000e+00  -4.3800000e-01
   2.5304000e+00  -4.6600000e-01
   2.5310000e+00  -4.6600000e-01
   2.5315000e+00  -4.5400000e-01
   2.5325000e+00  -4.6600000e-01
   2.5333000e+00  -4.6600000e-01
   2.5344000e+00  -4.6600000e-01
   2.5352000e+00  -4.6600000e-01
   2.5370000e+00  -4.6600000e-01
   2.5374000e+00  -4.6600000e-01
   2.5378000e+00  -4.6600000e-01
   2.5381000e+00  -4.6600000e-01
   2.5384000e+00  -4.6600000e-01
   2.5389000e+00  -4.6600000e-01
   2.5395000e+00  -4.6600000e-01
   2.5398000e+00  -4.6600000e-01
   2.5405000e+00  -4.6600000e-01
   2.5413000e+00  -4.6600000e-01
   2.5416000e+00  -4.6600000e-01
   2.5422000e+00  -4.6600000e-01
   2.5435000e+00  -4.6600000e-01
   2.5446000e+00  -4.6600000e-01
   2.5454000e+00  -4.6600000e-01
   2.5459000e+00  -4.6600000e-01
   2.5474000e+00  -4.6600000e-01
   2.5480000e+00  -4.6600000e-01
   2.5507000e+00  -4.6600000e-01
   2.5510000e+00  -4.6600000e-01
   2.5517000e+00  -4.6600000e-01
   2.5522000e+00  -4.6600000e-01
   2.5528000e+00  -4.6600000e-01
   2.5531000e+00  -4.6600000e-01
   2.5538000e+00  -4.6600000e-01
   2.5541000e+00  -4.6600000e-01
   2.5557000e+00  -4.6600000e-01
   2.5568000e+00  -4.6600000e-01
   2.5576000e+00  -4.6600000e-01
   2.5581000e+00  -4.6600000e-01
   2.5587000e+00  -4.6600000e-01
   2.5592000e+00  -4.6600000e-01
   2.5595000e+00  -4.6600000e-01
   2.5600000e+00  -4.6600000e-01
   2.5603000e+00  -4.6600000e-01
   2.5614000e+00  -4.6600000e-01
   2.5621000e+00  -4.6600000e-01
   2.5630000e+00  -4.6600000e-01
   2.5635000e+00  -4.6600000e-01
   2.5638000e+00  -4.6600000e-01
   2.5643000e+00  -4.6600000e-01
   2.5651000e+00  -4.6600000e-01
   2.5656000e+00  -4.6600000e-01
   2.5666000e+00  -4.6600000e-01
   2.5669000e+00  -4.6600000e-01
   2.5674000e+00  -4.6600000e-01
   2.5683000e+00  -4.6600000e-01
   2.5688000e+00  -4.6600000e-01
   2.5691000e+00  -4.6600000e-01
   2.5694000e+00  -4.6600000e-01
   2.5699000e+00  -4.6600000e-01
   2.5709000e+00  -4.6600000e-01
   2.5712000e+00  -4.6600000e-01
   2.5717000e+00  -4.6600000e-01
   2.5726000e+00  -4.6600000e-01
   2.5733000e+00  -4.6600000e-01
   2.5738000e+00  -4.6600000e-01
   2.5750000e+00  -4.6600000e-01
   2.5754000e+00  -4.6600000e-01
   2.5762000e+00  -4.6600000e-01
   2.5768000e+00  -4.6600000e-01
   2.5773000e+00  -4.6600000e-01
   2.5776000e+00  -4.6600000e-01
   2.5782000e+00  -4.6600000e-01
   2.5800000e+00  -4.6600000e-01
   2.5818000e+00  -4.6600000e-01
   2.5829000e+00  -4.6600000e-01
   2.5834000e+00  -4.6600000e-01
   2.5838000e+00  -4.6600000e-01
   2.5842000e+00  -4.6600000e-01
   2.5846000e+00  -4.6600000e-01
   2.5853000e+00  -4.6600000e-01
   2.5872000e+00  -4.6600000e-01
   2.5878000e+00  -4.6600000e-01
   2.5882000e+00  -4.6600000e-01
   2.5885000e+00  -4.6600000e-01
   2.5890000e+00  -4.6600000e-01
   2.5899000e+00  -4.6600000e-01
   2.5915000e+00  -4.6600000e-01
   2.5922000e+00  -4.6600000e-01
   2.5931000e+00  -4.6600000e-01
   2.5936000e+00  -4.6600000e-01
   2.5939000e+00  -4.6600000e-01
   2.5944000e+00  -4.6600000e-01
   2.5952000e+00  -4.6600000e-01
   2.5957000e+00  -4.6600000e-01
   2.5963000e+00  -4.6600000e-01
   2.5968000e+00  -4.6600000e-01
   2.5978000e+00  -4.6600000e-01
   2.5995000e+00  -4.6600000e-01
   2.6013000e+00  -4.6600000e-01
   2.6016000e+00  -4.6600000e-01
   2.6022000e+00  -4.6600000e-01
   2.6027000e+00  -4.6600000e-01
   2.6035000e+00  -4.6600000e-01
   2.6043000e+00  -4.6600000e-01
   2.6048000e+00  -4.6600000e-01
   2.6072000e+00  -4.6600000e-01
   2.6077000e+00  -4.6600000e-01
   2.6082000e+00  -4.6600000e-01
   2.6088000e+00  -4.6600000e-01
   2.6099000e+00  -4.6600000e-01
   2.6107000e+00  -4.6600000e-01
   2.6110000e+00  -4.6600000e-01
   2.6123000e+00  -4.6600000e-01
   2.6131000e+00  -4.6600000e-01
   2.6138000e+00  -4.6600000e-01
   2.6146000e+00  -4.6600000e-01
   2.6155000e+00  -4.6600000e-01
   2.6168000e+00  -4.6600000e-01
   2.6179000e+00  -4.6600000e-01
   2.6184000e+00  -4.6600000e-01
   2.6187000e+00  -4.6600000e-01
   2.6194000e+00  -4.6600000e-01
   2.6198000e+00  -4.6600000e-01
   2.6230000e+00  -4.6600000e-01
   2.6248000e+00  -4.6600000e-01
   2.6254000e+00  -4.6600000e-01
   2.6264000e+00  -4.6600000e-01
   2.6272000e+00  -4.6600000e-01
   2.6291000e+00  -4.6600000e-01
   2.6294000e+00  -4.6600000e-01
   2.6298000e+00  -4.6600000e-01
   2.6301000e+00  -4.6600000e-01
   2.6318000e+00  -4.6600000e-01
   2.6326000e+00  -4.6600000e-01
   2.6334000e+00  -4.6600000e-01
   2.6355000e+00  -4.6600000e-01
   2.6358000e+00  -4.6600000e-01
   2.6365000e+00  -4.6600000e-01
   2.6370000e+00  -4.6600000e-01
   2.6386000e+00  -4.6600000e-01
   2.6434000e+00  -4.6600000e-01
   2.6442000e+00  -4.6600000e-01
   2.6480000e+00  -4.6600000e-01
   2.6493000e+00  -4.6600000e-01
   2.6498000e+00  -4.6600000e-01
   2.6507000e+00  -4.6600000e-01
   2.6557000e+00  -4.6600000e-01
   2.6562000e+00  -4.6600000e-01
   2.6640000e+00  -4.6200000e-01
   2.6651000e+00  -4.6600000e-01
   2.6661000e+00  -4.6600000e-01
   2.6672000e+00  -4.6600000e-01
   2.6742000e+00  -4.6200000e-01
   2.6776000e+00  -4.6200000e-01
   2.6779000e+00  -4.6200000e-01
   2.6784000e+00  -4.6200000e-01
   2.6790000e+00  -4.6200000e-01
   2.6802000e+00  -4.6200000e-01
   2.6806000e+00  -4.6200000e-01
   2.6810000e+00  -4.6200000e-01
   2.6816000e+00  -4.6200000e-01
   2.6843000e+00  -4.6200000e-01
   2.6850000e+00  -4.6200000e-01
   2.6853000e+00  -4.6200000e-01
   2.6864000e+00  -4.6200000e-01
   2.6867000e+00  -4.6200000e-01
   2.6883000e+00  -4.6200000e-01
   2.6894000e+00  -4.6200000e-01
   2.6904000e+00  -4.6200000e-01
   2.6920000e+00  -4.6200000e-01
   2.6925000e+00  -4.6200000e-01
   2.6931000e+00  -4.6200000e-01
   2.6939000e+00  -4.6200000e-01
   2.6949000e+00  -4.6200000e-01
   2.6952000e+00  -4.6200000e-01
   2.6958000e+00  -4.6200000e-01
   2.6968000e+00  -4.6200000e-01
   2.6971000e+00  -4.6200000e-01
   2.6976000e+00  -4.6200000e-01
   2.6981000e+00  -4.6200000e-01
   2.6987000e+00  -4.6200000e-01
   2.6990000e+00  -4.6200000e-01
   2.6994000e+00  -4.6200000e-01
   2.6997000e+00  -4.6200000e-01
   2.7000000e+00  -4.6200000e-01
   2.7008000e+00  -4.6200000e-01
   2.7014000e+00  -4.6200000e-01
   2.7018000e+00  -4.6200000e-01
   2.7021000e+00  -4.6200000e-01
   2.7024000e+00  -4.6200000e-01
   2.7030000e+00  -4.6200000e-01
   2.7045000e+00  -4.6200000e-01
   2.7050000e+00  -4.6200000e-01
   2.7064000e+00  -4.6200000e-01
   2.7080000e+00  -4.6200000e-01
   2.7085000e+00  -4.6200000e-01
   2.7088000e+00  -4.6200000e-01
   2.7101000e+00  -4.6200000e-01
   2.7104000e+00  -4.6200000e-01
   2.7110000e+00  -4.6200000e-01
   2.7125000e+00  -4.6200000e-01
   2.7158000e+00  -4.6200000e-01
   2.7173000e+00  -4.6200000e-01
   2.7181000e+00  -4.6200000e-01
   2.7200000e+00  -4.6200000e-01
   2.7211000e+00  -4.6200000e-01
   2.7270000e+00  -4.6200000e-01
   2.7323000e+00  -4.6200000e-01
   2.7398000e+00  -4.5800000e-01
   2.7416000e+00  -4.5800000e-01
   2.7483000e+00  -4.5800000e-01
   2.7512000e+00  -4.5800000e-01
   2.7520000e+00  -4.5800000e-01
   2.7528000e+00  -4.5800000e-01
   2.7533000e+00  -4.5800000e-01
   2.7538000e+00  -4.5800000e-01
   2.7546000e+00  -4.5800000e-01
   2.7550000e+00  -4.5800000e-01
   2.7555000e+00  -4.5800000e-01
   2.7565000e+00  -4.5800000e-01
   2.7573000e+00  -4.5800000e-01
   2.7578000e+00  -4.5800000e-01
   2.7581000e+00  -4.5800000e-01
   2.7586000e+00  -4.5800000e-01
   2.7594000e+00  -4.5800000e-01
   2.7598000e+00  -4.5800000e-01
   2.7606000e+00  -4.5800000e-01
   2.7624000e+00  -4.5800000e-01
   2.7627000e+00  -4.5800000e-01
   2.7651000e+00  -4.5800000e-01
   2.7656000e+00  -4.5800000e-01
   2.7661000e+00  -4.5800000e-01
   2.7669000e+00  -4.5800000e-01
   2.7675000e+00  -4.5800000e-01
   2.7683000e+00  -4.5800000e-01
   2.7691000e+00  -4.5800000e-01
   2.7704000e+00  -4.5800000e-01
   2.7714000e+00  -4.5800000e-01
   2.7738000e+00  -4.5800000e-01
   2.7762000e+00  -4.5800000e-01
   2.7787000e+00  -4.5800000e-01
   2.7810000e+00  -4.5800000e-01
   2.7869000e+00  -4.5800000e-01
   2.7909000e+00  -4.5400000e-01
   2.7941000e+00  -4.5400000e-01
   2.7944000e+00  -4.5400000e-01
   2.7982000e+00  -4.5400000e-01
   2.7989000e+00  -4.5400000e-01
   2.7995000e+00  -4.5400000e-01
   2.8000000e+00  -4.5400000e-01
   2.8005000e+00  -4.5400000e-01
   2.8008000e+00  -4.5400000e-01
   2.8011000e+00  -4.5400000e-01
   2.8018000e+00  -4.5400000e-01
   2.8032000e+00  -4.5400000e-01
   2.8048000e+00  -4.5400000e-01
   2.8051000e+00  -4.5400000e-01
   2.8054000e+00  -4.5400000e-01
   2.8059000e+00  -4.5400000e-01
   2.8074000e+00  -4.5400000e-01
   2.8083000e+00  -4.5400000e-01
   2.8101000e+00  -4.5400000e-01
   2.8115000e+00  -4.5400000e-01
   2.8120000e+00  -4.5400000e-01
   2.8128000e+00  -4.5400000e-01
   2.8131000e+00  -4.5400000e-01
   2.8138000e+00  -4.5400000e-01
   2.8141000e+00  -4.5400000e-01
   2.8146000e+00  -4.5400000e-01
   2.8154000e+00  -4.5400000e-01
   2.8162000e+00  -4.5400000e-01
   2.8166000e+00  -4.5400000e-01
   2.8173000e+00  -4.5400000e-01
   2.8179000e+00  -4.5400000e-01
   2.8186000e+00  -4.5400000e-01
   2.8190000e+00  -4.5400000e-01
   2.8202000e+00  -4.5400000e-01
   2.8221000e+00  -4.5400000e-01
   2.8224000e+00  -4.5400000e-01
   2.8272000e+00  -4.5400000e-01
   2.8286000e+00  -4.5400000e-01
   2.8310000e+00  -4.5400000e-01
   2.8410000e+00  -4.5000000e-01
   2.8462000e+00  -4.5000000e-01
   2.8474000e+00  -4.5000000e-01
   2.8482000e+00  -4.5000000e-01
   2.8486000e+00  -4.5000000e-01
   2.8494000e+00  -4.5000000e-01
   2.8498000e+00  -4.5000000e-01
   2.8501000e+00  -4.5000000e-01
   2.8509000e+00  -4.5000000e-01
   2.8515000e+00  -4.5000000e-01
   2.8530000e+00  -4.5000000e-01
   2.8533000e+00  -4.5000000e-01
   2.8539000e+00  -4.5000000e-01
   2.8549000e+00  -4.5000000e-01
   2.8557000e+00  -4.5000000e-01
   2.8563000e+00  -4.5000000e-01
   2.8570000e+00  -4.5000000e-01
   2.8582000e+00  -4.5000000e-01
   2.8589000e+00  -4.5000000e-01
   2.8597000e+00  -4.5000000e-01
   2.8629000e+00  -4.5000000e-01
   2.8645000e+00  -4.5000000e-01
   2.8666000e+00  -4.5000000e-01
   2.8672000e+00  -4.5000000e-01
   2.8678000e+00  -4.5000000e-01
   2.8696000e+00  -4.5000000e-01
   2.8707000e+00  -4.5000000e-01
   2.8733000e+00  -4.5000000e-01
   2.8853000e+00  -4.4600000e-01
   2.8864000e+00  -4.4600000e-01
   2.8872000e+00  -4.4600000e-01
   2.8882000e+00  -4.4600000e-01
   2.8906000e+00  -4.4600000e-01
   2.8912000e+00  -4.4600000e-01
   2.8917000e+00  -4.4600000e-01
   2.8920000e+00  -4.4600000e-01
   2.8928000e+00  -4.4600000e-01
   2.8942000e+00  -4.4600000e-01
   2.8950000e+00  -4.4600000e-01
   2.8957000e+00  -4.4600000e-01
   2.8965000e+00  -4.4600000e-01
   2.8973000e+00  -4.4600000e-01
   2.8982000e+00  -4.4600000e-01
   2.8986000e+00  -4.4600000e-01
   2.9010000e+00  -4.4600000e-01
   2.9013000e+00  -4.4600000e-01
   2.9051000e+00  -4.4600000e-01
   2.9067000e+00  -4.4600000e-01
   2.9080000e+00  -4.4600000e-01
   2.9098000e+00  -4.4600000e-01
   2.9106000e+00  -4.4600000e-01
   2.9206000e+00  -4.4200000e-01
   2.9213000e+00  -4.4200000e-01
   2.9216000e+00  -4.4200000e-01
   2.9261000e+00  -4.4200000e-01
   2.9270000e+00  -4.4200000e-01
   2.9291000e+00  -4.4200000e-01
   2.9296000e+00  -4.4200000e-01
   2.9310000e+00  -4.4200000e-01
   2.9318000e+00  -4.4200000e-01
   2.9326000e+00  -4.4200000e-01
   2.9331000e+00  -4.4200000e-01
   2.9338000e+00  -4.4200000e-01
   2.9342000e+00  -4.4200000e-01
   2.9349000e+00  -4.4200000e-01
   2.9352000e+00  -4.4200000e-01
   2.9358000e+00  -4.4200000e-01
   2.9362000e+00  -4.4200000e-01
   2.9365000e+00  -4.4200000e-01
   2.9376000e+00  -4.4200000e-01
   2.9384000e+00  -4.4200000e-01
   2.9390000e+00  -4.4200000e-01
   2.9398000e+00  -4.4200000e-01
   2.9403000e+00  -4.4200000e-01
   2.9406000e+00  -4.4200000e-01
   2.9416000e+00  -4.4200000e-01
   2.9434000e+00  -4.4200000e-01
   2.9437000e+00  -4.4200000e-01
   2.9442000e+00  -4.4200000e-01
   2.9461000e+00  -4.4200000e-01
   2.9466000e+00  -4.4200000e-01
   2.9472000e+00  -4.4200000e-01
   2.9475000e+00  -4.4200000e-01
