  -1.2128000e-01  -2.5976000e-01
  -1.1968000e-01  -2.5976000e-01
  -1.1776000e-01  -2.5976000e-01
  -1.1408000e-01  -2.5976000e-01
  -1.1248000e-01  -2.5976000e-01
  -1.1216000e-01  -2.5976000e-01
   1.1200000e-03   1.4363200e+00
   2.0800000e-03   1.4057600e+00
   2.8800000e-03   7.9456000e-01
   3.6800000e-03   1.1918400e+00
   4.3200000e-03   1.9864000e-01
   5.1200000e-03  -1.5280000e-02
   5.6000000e-03   2.7504000e-01
   6.2400000e-03   9.4736000e-01
   6.7200000e-03  -1.2224000e-01
   7.3600000e-03  -3.2088000e-01
   7.8400000e-03   1.0696000e-01
   8.3200000e-03   3.0560000e-02
   8.8000000e-03  -4.7368000e-01
   9.1200000e-03  -1.1918400e+00
   9.6000000e-03  -1.9864000e-01
   1.0080000e-02   4.5840000e-02
   1.0400000e-02  -1.3140800e+00
   1.0880000e-02   3.5144000e-01
   1.1200000e-02  -1.2835200e+00
   1.1680000e-02  -6.4176000e-01
   1.2000000e-02  -1.8336000e-01
   1.2320000e-02  -1.5280000e+00
   1.2800000e-02  -1.4057600e+00
   1.3120000e-02  -7.1816000e-01
   1.3440000e-02   1.0696000e-01
   1.3760000e-02  -3.8200000e-01
   1.4080000e-02  -8.4040000e-01
   1.4400000e-02  -1.0696000e+00
   1.4720000e-02  -1.1612800e+00
   1.5040000e-02  -1.0543200e+00
   1.5360000e-02  -8.4040000e-01
   1.5680000e-02  -3.5144000e-01
   1.6000000e-02  -6.8760000e-01
   1.6320000e-02  -1.4821600e+00
   1.6640000e-02  -1.8641600e+00
   1.7120000e-02  -1.4668800e+00
   1.7440000e-02  -7.1816000e-01
   1.7760000e-02  -1.8183200e+00
   1.8240000e-02  -1.2071200e+00
   1.8560000e-02  -1.6655200e+00
   1.9040000e-02  -1.2071200e+00
   1.9360000e-02  -1.8641600e+00
   1.9840000e-02  -1.3293600e+00
   2.0320000e-02  -1.0848800e+00
   2.0800000e-02  -1.4974400e+00
   2.1280000e-02  -1.6044000e+00
   2.1760000e-02  -1.4821600e+00
   2.2240000e-02  -1.1765600e+00
   2.2720000e-02  -1.8183200e+00
   2.3360000e-02  -1.4210400e+00
   2.4000000e-02  -1.8336000e+00
   2.4480000e-02  -1.8641600e+00
   2.5280000e-02  -1.7572000e+00
   2.5920000e-02  -1.7724800e+00
   2.6720000e-02  -1.8030400e+00
   2.7680000e-02  -1.7113600e+00
   2.8640000e-02  -1.8488800e+00
   3.7280000e-02  -1.8488800e+00
   3.7760000e-02  -1.8488800e+00
   3.8240000e-02  -1.8488800e+00
   3.8720000e-02  -1.8488800e+00
   3.9200000e-02  -1.8488800e+00
   3.9840000e-02  -1.8488800e+00
   5.2960000e-02  -1.8336000e+00
   5.3280000e-02  -1.8336000e+00
   5.3920000e-02  -1.8336000e+00
   5.4720000e-02  -1.8336000e+00
   5.5360000e-02  -1.8336000e+00
   5.6000000e-02  -1.8336000e+00
   5.6480000e-02  -1.8336000e+00
   5.6800000e-02  -1.8336000e+00
   6.7680000e-02  -1.8183200e+00
   6.8480000e-02  -1.8183200e+00
   6.9120000e-02  -1.8183200e+00
   6.9600000e-02  -1.8183200e+00
   6.9920000e-02  -1.8183200e+00
   7.9840000e-02  -1.8030400e+00
   8.0480000e-02  -1.8030400e+00
   8.0960000e-02  -1.8030400e+00
   8.1440000e-02  -1.8030400e+00
   9.0560000e-02  -1.7877600e+00
   9.1840000e-02  -1.7877600e+00
   1.0048000e-01  -1.7724800e+00
   1.0160000e-01  -1.7724800e+00
   1.0208000e-01  -1.7724800e+00
   1.1024000e-01  -1.7572000e+00
   1.1056000e-01  -1.7572000e+00
   1.1088000e-01  -1.7572000e+00
   1.1904000e-01  -1.7419200e+00
   1.2784000e-01  -1.7266400e+00
   1.2832000e-01  -1.7266400e+00
   1.2912000e-01  -1.7266400e+00
   1.2944000e-01  -1.7266400e+00
   1.2992000e-01  -1.7266400e+00
   1.3600000e-01  -1.7113600e+00
   1.3648000e-01  -1.7113600e+00
   1.4352000e-01  -1.6960800e+00
   1.5168000e-01  -1.6808000e+00
   1.5936000e-01  -1.6655200e+00
   1.6032000e-01  -1.6655200e+00
   1.6064000e-01  -1.6655200e+00
   1.6800000e-01  -1.6502400e+00
   1.6864000e-01  -1.6502400e+00
   1.7568000e-01  -1.6349600e+00
   1.8144000e-01  -1.6196800e+00
   1.8224000e-01  -1.6196800e+00
   1.8896000e-01  -1.6044000e+00
   1.8944000e-01  -1.6044000e+00
   1.8992000e-01  -1.6044000e+00
   2.0224000e-01  -1.5738400e+00
   2.0336000e-01  -1.5738400e+00
   2.0944000e-01  -1.5585600e+00
   2.1632000e-01  -1.5432800e+00
   2.2096000e-01  -1.5280000e+00
   2.2176000e-01  -1.5280000e+00
   2.2224000e-01  -1.5280000e+00
   2.2896000e-01  -1.5127200e+00
   2.3520000e-01  -1.4974400e+00
   2.3552000e-01  -1.4974400e+00
   2.3584000e-01  -1.4974400e+00
   2.4016000e-01  -1.4821600e+00
   2.4080000e-01  -1.4821600e+00
   2.4112000e-01  -1.4821600e+00
   2.4784000e-01  -1.4668800e+00
   2.4864000e-01  -1.4668800e+00
   2.5344000e-01  -1.4516000e+00
   2.5408000e-01  -1.4516000e+00
   2.6016000e-01  -1.4363200e+00
   2.6048000e-01  -1.4363200e+00
   2.6592000e-01  -1.4210400e+00
   2.7344000e-01  -1.4057600e+00
   2.7920000e-01  -1.3904800e+00
   2.7952000e-01  -1.3904800e+00
   2.7984000e-01  -1.3904800e+00
   2.8576000e-01  -1.3752000e+00
   2.9088000e-01  -1.3599200e+00
   2.9168000e-01  -1.3599200e+00
   2.9200000e-01  -1.3599200e+00
   2.9760000e-01  -1.3446400e+00
   3.0512000e-01  -1.3293600e+00
   3.1216000e-01  -1.3140800e+00
   3.1248000e-01  -1.3140800e+00
   3.1984000e-01  -1.2988000e+00
   3.2064000e-01  -1.2988000e+00
   3.2704000e-01  -1.2835200e+00
   3.2752000e-01  -1.2835200e+00
   3.2800000e-01  -1.2835200e+00
   3.3456000e-01  -1.2682400e+00
   3.3504000e-01  -1.2682400e+00
   3.3552000e-01  -1.2682400e+00
   3.3600000e-01  -1.2682400e+00
   3.4224000e-01  -1.2529600e+00
   3.4256000e-01  -1.2529600e+00
   3.4336000e-01  -1.2529600e+00
   3.4992000e-01  -1.2376800e+00
   3.5072000e-01  -1.2376800e+00
   3.5760000e-01  -1.2224000e+00
   3.5824000e-01  -1.2224000e+00
   3.6464000e-01  -1.2071200e+00
   3.6496000e-01  -1.2071200e+00
   3.6528000e-01  -1.2071200e+00
   3.7920000e-01  -1.1765600e+00
   3.8016000e-01  -1.1765600e+00
   3.8912000e-01  -1.1612800e+00
   3.8944000e-01  -1.1612800e+00
   3.9008000e-01  -1.1612800e+00
   3.9712000e-01  -1.1460000e+00
   3.9760000e-01  -1.1460000e+00
   4.0512000e-01  -1.1307200e+00
   4.0592000e-01  -1.1307200e+00
   4.1216000e-01  -1.1154400e+00
   4.1280000e-01  -1.1154400e+00
   4.1312000e-01  -1.1154400e+00
   4.2000000e-01  -1.1001600e+00
   4.2032000e-01  -1.1001600e+00
   4.2128000e-01  -1.1001600e+00
   4.2176000e-01  -1.1001600e+00
   4.3120000e-01  -1.0848800e+00
   4.3152000e-01  -1.0848800e+00
   4.3936000e-01  -1.0696000e+00
   4.3968000e-01  -1.0696000e+00
   4.4000000e-01  -1.0696000e+00
   4.5760000e-01  -1.0390400e+00
   4.5808000e-01  -1.0390400e+00
   4.5856000e-01  -1.0390400e+00
   4.6880000e-01  -1.0237600e+00
   4.6944000e-01  -1.0237600e+00
   4.6992000e-01  -1.0237600e+00
   4.7776000e-01  -1.0084800e+00
   4.8576000e-01  -9.9320000e-01
   4.8640000e-01  -9.9320000e-01
   4.8736000e-01  -9.9320000e-01
   4.9696000e-01  -9.7792000e-01
   4.9744000e-01  -9.7792000e-01
   4.9776000e-01  -9.7792000e-01
   4.9824000e-01  -9.7792000e-01
   4.9920000e-01  -9.7792000e-01
   5.0992000e-01  -9.6264000e-01
   5.1696000e-01  -9.4736000e-01
   5.1728000e-01  -9.4736000e-01
   5.1808000e-01  -9.4736000e-01
   5.3040000e-01  -9.3208000e-01
   5.3104000e-01  -9.3208000e-01
   5.3168000e-01  -9.3208000e-01
   5.3872000e-01  -9.1680000e-01
   5.3952000e-01  -9.1680000e-01
   5.4000000e-01  -9.1680000e-01
   5.4064000e-01  -9.1680000e-01
   5.4176000e-01  -9.1680000e-01
   5.4208000e-01  -9.1680000e-01
   5.5280000e-01  -9.0152000e-01
   5.5344000e-01  -9.0152000e-01
   5.5456000e-01  -9.0152000e-01
   5.6544000e-01  -8.8624000e-01
   5.7760000e-01  -8.7096000e-01
   5.7792000e-01  -8.7096000e-01
   5.7872000e-01  -8.7096000e-01
   5.7936000e-01  -8.7096000e-01
   5.8096000e-01  -8.7096000e-01
   5.9104000e-01  -8.5568000e-01
   5.9168000e-01  -8.5568000e-01
   6.0432000e-01  -8.4040000e-01
   6.0496000e-01  -8.4040000e-01
   6.0528000e-01  -8.4040000e-01
   6.0608000e-01  -8.4040000e-01
   6.0656000e-01  -8.4040000e-01
   6.0720000e-01  -8.4040000e-01
   6.2096000e-01  -8.2512000e-01
   6.2128000e-01  -8.2512000e-01
   6.2160000e-01  -8.2512000e-01
   6.2192000e-01  -8.2512000e-01
   6.2304000e-01  -8.2512000e-01
   6.3520000e-01  -8.0984000e-01
   6.3680000e-01  -8.0984000e-01
   6.3712000e-01  -8.0984000e-01
   6.3744000e-01  -8.0984000e-01
   6.3808000e-01  -8.0984000e-01
   6.5328000e-01  -7.9456000e-01
   6.5360000e-01  -7.9456000e-01
   6.5408000e-01  -7.9456000e-01
   6.5440000e-01  -7.9456000e-01
   6.6992000e-01  -7.7928000e-01
   6.7040000e-01  -7.7928000e-01
   6.8608000e-01  -7.6400000e-01
   6.8816000e-01  -7.6400000e-01
   6.8848000e-01  -7.6400000e-01
   6.8896000e-01  -7.6400000e-01
   6.9024000e-01  -7.6400000e-01
   7.0112000e-01  -7.4872000e-01
   7.0160000e-01  -7.4872000e-01
   7.0208000e-01  -7.4872000e-01
   7.0240000e-01  -7.4872000e-01
   7.0288000e-01  -7.4872000e-01
   7.0560000e-01  -7.4872000e-01
   7.1936000e-01  -7.3344000e-01
   7.2016000e-01  -7.3344000e-01
   7.2080000e-01  -7.3344000e-01
   7.2128000e-01  -7.3344000e-01
   7.2208000e-01  -7.3344000e-01
   7.3744000e-01  -7.1816000e-01
   7.3920000e-01  -7.1816000e-01
   7.4080000e-01  -7.1816000e-01
   7.4128000e-01  -7.1816000e-01
   7.4160000e-01  -7.1816000e-01
   7.4272000e-01  -7.1816000e-01
   7.5744000e-01  -7.0288000e-01
   7.5776000e-01  -7.0288000e-01
   7.7728000e-01  -6.8760000e-01
   7.7776000e-01  -6.8760000e-01
   7.7840000e-01  -6.8760000e-01
   7.9664000e-01  -6.7232000e-01
   7.9840000e-01  -6.7232000e-01
   7.9872000e-01  -6.7232000e-01
   7.9920000e-01  -6.7232000e-01
   8.0048000e-01  -6.7232000e-01
   8.0160000e-01  -6.7232000e-01
   8.1952000e-01  -6.5704000e-01
   8.1984000e-01  -6.5704000e-01
   8.2032000e-01  -6.5704000e-01
   8.2080000e-01  -6.5704000e-01
   8.2160000e-01  -6.5704000e-01
   8.2240000e-01  -6.5704000e-01
   8.2320000e-01  -6.5704000e-01
   8.3984000e-01  -6.4176000e-01
   8.4208000e-01  -6.4176000e-01
   8.4240000e-01  -6.4176000e-01
   8.4288000e-01  -6.4176000e-01
   8.4416000e-01  -6.4176000e-01
   8.4544000e-01  -6.4176000e-01
   8.4608000e-01  -6.4176000e-01
   8.6528000e-01  -6.2648000e-01
   8.6560000e-01  -6.2648000e-01
   8.6816000e-01  -6.2648000e-01
   8.6864000e-01  -6.2648000e-01
   8.6896000e-01  -6.2648000e-01
   8.6944000e-01  -6.2648000e-01
   8.6976000e-01  -6.2648000e-01
   8.7040000e-01  -6.2648000e-01
   8.7104000e-01  -6.2648000e-01
   8.9008000e-01  -6.1120000e-01
   8.9248000e-01  -6.1120000e-01
   9.1616000e-01  -5.9592000e-01
   9.1680000e-01  -5.9592000e-01
   9.1808000e-01  -5.9592000e-01
   9.1840000e-01  -5.9592000e-01
   9.1920000e-01  -5.9592000e-01
   9.2032000e-01  -5.9592000e-01
   9.2096000e-01  -5.9592000e-01
   9.2240000e-01  -5.9592000e-01
   9.3904000e-01  -5.8064000e-01
   9.3968000e-01  -5.8064000e-01
   9.4016000e-01  -5.8064000e-01
   9.4128000e-01  -5.8064000e-01
   9.4192000e-01  -5.8064000e-01
   9.4240000e-01  -5.8064000e-01
   9.4288000e-01  -5.8064000e-01
   9.4336000e-01  -5.8064000e-01
   9.4544000e-01  -5.8064000e-01
   9.4576000e-01  -5.8064000e-01
   9.4624000e-01  -5.8064000e-01
   9.4704000e-01  -5.8064000e-01
   9.4864000e-01  -5.8064000e-01
   9.7184000e-01  -5.6536000e-01
   9.7216000e-01  -5.6536000e-01
   9.7440000e-01  -5.6536000e-01
   9.7488000e-01  -5.6536000e-01
   9.7520000e-01  -5.6536000e-01
   9.7552000e-01  -5.6536000e-01
   9.7600000e-01  -5.6536000e-01
   9.9760000e-01  -5.5008000e-01
   9.9856000e-01  -5.5008000e-01
   1.0000000e+00  -5.5008000e-01
   1.0005000e+00  -5.5008000e-01
   1.0010000e+00  -5.5008000e-01
   1.0016000e+00  -5.5008000e-01
   1.0027000e+00  -5.5008000e-01
   1.0045000e+00  -5.5008000e-01
   1.0323000e+00  -5.3480000e-01
   1.0330000e+00  -5.3480000e-01
   1.0336000e+00  -5.3480000e-01
   1.0350000e+00  -5.3480000e-01
   1.0354000e+00  -5.3480000e-01
   1.0362000e+00  -5.3480000e-01
   1.0370000e+00  -5.3480000e-01
   1.0381000e+00  -5.3480000e-01
   1.0389000e+00  -5.3480000e-01
   1.0408000e+00  -5.3480000e-01
   1.0413000e+00  -5.3480000e-01
   1.0592000e+00  -5.1952000e-01
   1.0597000e+00  -5.1952000e-01
   1.0606000e+00  -5.1952000e-01
   1.0643000e+00  -5.1952000e-01
   1.0672000e+00  -5.1952000e-01
   1.0675000e+00  -5.1952000e-01
   1.0678000e+00  -5.1952000e-01
   1.0685000e+00  -5.1952000e-01
   1.0693000e+00  -5.1952000e-01
   1.0696000e+00  -5.1952000e-01
   1.0699000e+00  -5.1952000e-01
   1.0707000e+00  -5.1952000e-01
   1.0725000e+00  -5.1952000e-01
   1.0960000e+00  -5.0424000e-01
   1.0973000e+00  -5.0424000e-01
   1.0981000e+00  -5.0424000e-01
   1.0984000e+00  -5.0424000e-01
   1.0990000e+00  -5.0424000e-01
   1.0995000e+00  -5.0424000e-01
   1.1002000e+00  -5.0424000e-01
   1.1005000e+00  -5.0424000e-01
   1.1010000e+00  -5.0424000e-01
   1.1018000e+00  -5.0424000e-01
   1.1024000e+00  -5.0424000e-01
   1.1029000e+00  -5.0424000e-01
   1.1037000e+00  -5.0424000e-01
   1.1040000e+00  -5.0424000e-01
   1.1054000e+00  -5.0424000e-01
   1.1064000e+00  -5.0424000e-01
   1.1376000e+00  -4.8896000e-01
   1.1384000e+00  -4.8896000e-01
   1.1394000e+00  -4.8896000e-01
   1.1414000e+00  -4.8896000e-01
   1.1432000e+00  -4.8896000e-01
   1.1442000e+00  -4.8896000e-01
   1.1450000e+00  -4.8896000e-01
   1.1454000e+00  -4.8896000e-01
   1.1461000e+00  -4.8896000e-01
   1.1472000e+00  -4.8896000e-01
   1.1477000e+00  -4.8896000e-01
   1.1483000e+00  -4.8896000e-01
   1.1494000e+00  -4.8896000e-01
   1.1781000e+00  -4.7368000e-01
   1.1787000e+00  -4.7368000e-01
   1.1790000e+00  -4.7368000e-01
   1.1795000e+00  -4.7368000e-01
   1.1808000e+00  -4.7368000e-01
   1.1822000e+00  -4.7368000e-01
   1.1840000e+00  -4.7368000e-01
   1.1845000e+00  -4.7368000e-01
   1.1851000e+00  -4.7368000e-01
   1.1858000e+00  -4.7368000e-01
   1.1861000e+00  -4.7368000e-01
   1.1869000e+00  -4.7368000e-01
   1.1874000e+00  -4.7368000e-01
   1.1885000e+00  -4.7368000e-01
   1.1896000e+00  -4.7368000e-01
   1.1914000e+00  -4.7368000e-01
   1.2296000e+00  -4.5840000e-01
   1.2299000e+00  -4.5840000e-01
   1.2309000e+00  -4.5840000e-01
   1.2314000e+00  -4.5840000e-01
   1.2336000e+00  -4.5840000e-01
   1.2358000e+00  -4.5840000e-01
   1.2706000e+00  -4.4312000e-01
   1.2712000e+00  -4.4312000e-01
   1.2717000e+00  -4.4312000e-01
   1.2722000e+00  -4.4312000e-01
   1.2725000e+00  -4.4312000e-01
   1.2730000e+00  -4.4312000e-01
   1.2736000e+00  -4.4312000e-01
   1.2742000e+00  -4.4312000e-01
   1.2747000e+00  -4.4312000e-01
   1.2755000e+00  -4.4312000e-01
   1.2774000e+00  -4.4312000e-01
   1.2798000e+00  -4.4312000e-01
   1.2803000e+00  -4.4312000e-01
   1.3190000e+00  -4.2784000e-01
   1.3242000e+00  -4.2784000e-01
   1.3275000e+00  -4.2784000e-01
   1.3301000e+00  -4.2784000e-01
   1.3306000e+00  -4.2784000e-01
   1.3322000e+00  -4.2784000e-01
   1.3326000e+00  -4.2784000e-01
   1.3330000e+00  -4.2784000e-01
   1.3342000e+00  -4.2784000e-01
   1.3347000e+00  -4.2784000e-01
   1.3354000e+00  -4.2784000e-01
   1.3358000e+00  -4.2784000e-01
   1.3363000e+00  -4.2784000e-01
   1.3378000e+00  -4.2784000e-01
   1.3771000e+00  -4.1256000e-01
   1.3787000e+00  -4.1256000e-01
   1.3792000e+00  -4.1256000e-01
   1.3826000e+00  -4.1256000e-01
   1.3829000e+00  -4.1256000e-01
   1.3834000e+00  -4.1256000e-01
   1.3840000e+00  -4.1256000e-01
   1.3846000e+00  -4.1256000e-01
   1.3856000e+00  -4.1256000e-01
   1.3869000e+00  -4.1256000e-01
   1.3874000e+00  -4.1256000e-01
   1.3880000e+00  -4.1256000e-01
   1.3885000e+00  -4.1256000e-01
   1.3894000e+00  -4.1256000e-01
   1.3898000e+00  -4.1256000e-01
   1.3901000e+00  -4.1256000e-01
   1.3920000e+00  -4.1256000e-01
   1.3925000e+00  -4.1256000e-01
   1.4522000e+00  -3.9728000e-01
   1.4542000e+00  -3.9728000e-01
   1.4547000e+00  -3.9728000e-01
   1.4555000e+00  -3.9728000e-01
   1.4560000e+00  -3.9728000e-01
   1.4578000e+00  -3.9728000e-01
   1.4586000e+00  -3.9728000e-01
   1.4595000e+00  -3.9728000e-01
   1.4600000e+00  -3.9728000e-01
   1.5024000e+00  -3.8200000e-01
   1.5106000e+00  -3.8200000e-01
   1.5110000e+00  -3.8200000e-01
   1.5117000e+00  -3.8200000e-01
   1.5122000e+00  -3.8200000e-01
   1.5126000e+00  -3.8200000e-01
   1.5134000e+00  -3.8200000e-01
   1.5144000e+00  -3.8200000e-01
   1.5155000e+00  -3.8200000e-01
   1.5158000e+00  -3.8200000e-01
   1.5200000e+00  -3.8200000e-01
   1.5224000e+00  -3.8200000e-01
   1.5230000e+00  -3.8200000e-01
   1.5234000e+00  -3.8200000e-01
   1.5253000e+00  -3.8200000e-01
   1.5830000e+00  -3.6672000e-01
   1.5842000e+00  -3.6672000e-01
   1.5906000e+00  -3.6672000e-01
   1.5914000e+00  -3.6672000e-01
   1.5918000e+00  -3.6672000e-01
   1.5928000e+00  -3.6672000e-01
   1.5931000e+00  -3.6672000e-01
   1.5936000e+00  -3.6672000e-01
   1.5939000e+00  -3.6672000e-01
   1.5949000e+00  -3.6672000e-01
   1.5952000e+00  -3.6672000e-01
   1.5955000e+00  -3.6672000e-01
   1.5966000e+00  -3.6672000e-01
   1.6011000e+00  -3.6672000e-01
   1.6043000e+00  -3.6672000e-01
   1.6046000e+00  -3.6672000e-01
   1.6050000e+00  -3.6672000e-01
   1.6056000e+00  -3.6672000e-01
   1.6064000e+00  -3.6672000e-01
   1.6074000e+00  -3.6672000e-01
   1.6563000e+00  -3.5144000e-01
   1.6566000e+00  -3.5144000e-01
   1.6579000e+00  -3.5144000e-01
   1.6614000e+00  -3.5144000e-01
   1.6622000e+00  -3.5144000e-01
   1.6626000e+00  -3.5144000e-01
   1.6629000e+00  -3.5144000e-01
   1.6632000e+00  -3.5144000e-01
   1.6637000e+00  -3.5144000e-01
   1.6645000e+00  -3.5144000e-01
   1.6648000e+00  -3.5144000e-01
   1.6667000e+00  -3.5144000e-01
   1.6672000e+00  -3.5144000e-01
   1.6675000e+00  -3.5144000e-01
   1.6680000e+00  -3.5144000e-01
   1.6683000e+00  -3.5144000e-01
   1.6694000e+00  -3.5144000e-01
   1.6701000e+00  -3.5144000e-01
   1.6720000e+00  -3.5144000e-01
   1.6730000e+00  -3.5144000e-01
   1.6739000e+00  -3.5144000e-01
   1.6747000e+00  -3.5144000e-01
   1.6800000e+00  -3.5144000e-01
   1.6819000e+00  -3.5144000e-01
   1.6822000e+00  -3.5144000e-01
   1.7430000e+00  -3.3616000e-01
   1.7507000e+00  -3.3616000e-01
   1.7525000e+00  -3.3616000e-01
   1.7549000e+00  -3.3616000e-01
   1.7555000e+00  -3.3616000e-01
   1.7565000e+00  -3.3616000e-01
   1.7573000e+00  -3.3616000e-01
   1.7579000e+00  -3.3616000e-01
   1.7594000e+00  -3.3616000e-01
   1.7600000e+00  -3.3616000e-01
   1.7603000e+00  -3.3616000e-01
   1.7608000e+00  -3.3616000e-01
   1.7619000e+00  -3.3616000e-01
   1.7627000e+00  -3.3616000e-01
   1.7635000e+00  -3.3616000e-01
   1.7646000e+00  -3.3616000e-01
   1.7650000e+00  -3.3616000e-01
   1.7658000e+00  -3.3616000e-01
   1.7661000e+00  -3.3616000e-01
   1.7666000e+00  -3.3616000e-01
   1.7674000e+00  -3.3616000e-01
   1.7677000e+00  -3.3616000e-01
   1.7686000e+00  -3.3616000e-01
   1.7691000e+00  -3.3616000e-01
   1.7694000e+00  -3.3616000e-01
   1.7698000e+00  -3.3616000e-01
   1.7712000e+00  -3.3616000e-01
   1.7726000e+00  -3.3616000e-01
   1.7736000e+00  -3.3616000e-01
   1.7741000e+00  -3.3616000e-01
   1.7754000e+00  -3.3616000e-01
   1.8312000e+00  -3.2088000e-01
   1.8355000e+00  -3.2088000e-01
   1.8379000e+00  -3.2088000e-01
   1.8382000e+00  -3.2088000e-01
   1.8387000e+00  -3.2088000e-01
   1.8434000e+00  -3.2088000e-01
   1.8440000e+00  -3.2088000e-01
   1.8445000e+00  -3.2088000e-01
   1.8453000e+00  -3.2088000e-01
   1.8483000e+00  -3.2088000e-01
   1.8488000e+00  -3.2088000e-01
   1.8491000e+00  -3.2088000e-01
   1.8501000e+00  -3.2088000e-01
   1.8506000e+00  -3.2088000e-01
   1.8512000e+00  -3.2088000e-01
   1.8522000e+00  -3.2088000e-01
   1.8525000e+00  -3.2088000e-01
   1.8528000e+00  -3.2088000e-01
   1.8533000e+00  -3.2088000e-01
   1.8544000e+00  -3.2088000e-01
   1.8552000e+00  -3.2088000e-01
   1.8557000e+00  -3.2088000e-01
   1.8562000e+00  -3.2088000e-01
   1.8568000e+00  -3.2088000e-01
   1.8576000e+00  -3.2088000e-01
   1.8603000e+00  -3.2088000e-01
   1.8606000e+00  -3.2088000e-01
   1.8616000e+00  -3.2088000e-01
   1.8626000e+00  -3.2088000e-01
   1.8635000e+00  -3.2088000e-01
   1.8638000e+00  -3.2088000e-01
   1.8646000e+00  -3.2088000e-01
   1.8654000e+00  -3.2088000e-01
   1.8659000e+00  -3.2088000e-01
   1.8669000e+00  -3.2088000e-01
   1.8680000e+00  -3.2088000e-01
   1.8691000e+00  -3.2088000e-01
   1.8696000e+00  -3.2088000e-01
   1.8718000e+00  -3.2088000e-01
   1.8749000e+00  -3.2088000e-01
   1.8885000e+00  -3.2088000e-01
   1.9507000e+00  -3.0560000e-01
   1.9512000e+00  -3.0560000e-01
   1.9517000e+00  -3.0560000e-01
   1.9536000e+00  -3.0560000e-01
   1.9542000e+00  -3.0560000e-01
   1.9555000e+00  -3.0560000e-01
   1.9560000e+00  -3.0560000e-01
   1.9563000e+00  -3.0560000e-01
   1.9568000e+00  -3.0560000e-01
   1.9574000e+00  -3.0560000e-01
   1.9584000e+00  -3.0560000e-01
   1.9605000e+00  -3.0560000e-01
   1.9610000e+00  -3.0560000e-01
   1.9626000e+00  -3.0560000e-01
   1.9629000e+00  -3.0560000e-01
   1.9638000e+00  -3.0560000e-01
   1.9646000e+00  -3.0560000e-01
   1.9661000e+00  -3.0560000e-01
   1.9693000e+00  -3.0560000e-01
   1.9702000e+00  -3.0560000e-01
   1.9723000e+00  -3.0560000e-01
   1.9734000e+00  -3.0560000e-01
   1.9742000e+00  -3.0560000e-01
   1.9755000e+00  -3.0560000e-01
   1.9766000e+00  -3.0560000e-01
   1.9832000e+00  -3.0560000e-01
   2.0891000e+00  -2.9032000e-01
   2.0906000e+00  -2.9032000e-01
   2.0920000e+00  -2.9032000e-01
   2.0928000e+00  -2.9032000e-01
   2.0931000e+00  -2.9032000e-01
   2.0936000e+00  -2.9032000e-01
   2.0944000e+00  -2.9032000e-01
   2.0954000e+00  -2.9032000e-01
   2.0976000e+00  -2.9032000e-01
   2.1019000e+00  -2.9032000e-01
   2.1030000e+00  -2.9032000e-01
   2.1051000e+00  -2.9032000e-01
   2.1054000e+00  -2.9032000e-01
   2.1062000e+00  -2.9032000e-01
   2.1066000e+00  -2.9032000e-01
   2.1082000e+00  -2.9032000e-01
   2.1090000e+00  -2.9032000e-01
   2.1110000e+00  -2.9032000e-01
   2.1133000e+00  -2.9032000e-01
   2.1141000e+00  -2.9032000e-01
   2.1986000e+00  -2.7504000e-01
   2.2123000e+00  -2.7504000e-01
   2.2150000e+00  -2.7504000e-01
   2.2157000e+00  -2.7504000e-01
   2.2176000e+00  -2.7504000e-01
   2.2184000e+00  -2.7504000e-01
   2.2189000e+00  -2.7504000e-01
   2.2214000e+00  -2.7504000e-01
   2.2221000e+00  -2.7504000e-01
   2.2229000e+00  -2.7504000e-01
   2.2261000e+00  -2.7504000e-01
   2.2264000e+00  -2.7504000e-01
   2.2288000e+00  -2.7504000e-01
   2.2291000e+00  -2.7504000e-01
   2.2294000e+00  -2.7504000e-01
   2.2299000e+00  -2.7504000e-01
   2.2309000e+00  -2.7504000e-01
   2.2318000e+00  -2.7504000e-01
   2.2328000e+00  -2.7504000e-01
   2.2334000e+00  -2.7504000e-01
   2.2339000e+00  -2.7504000e-01
   2.2342000e+00  -2.7504000e-01
   2.2346000e+00  -2.7504000e-01
   2.2352000e+00  -2.7504000e-01
   2.2357000e+00  -2.7504000e-01
   2.2362000e+00  -2.7504000e-01
   2.2397000e+00  -2.7504000e-01
   2.2426000e+00  -2.7504000e-01
   2.2448000e+00  -2.7504000e-01
   2.2454000e+00  -2.7504000e-01
   2.2458000e+00  -2.7504000e-01
   2.3355000e+00  -2.5976000e-01
   2.3381000e+00  -2.5976000e-01
   2.3421000e+00  -2.5976000e-01
   2.3498000e+00  -2.5976000e-01
   2.3506000e+00  -2.5976000e-01
   2.3512000e+00  -2.5976000e-01
   2.3517000e+00  -2.5976000e-01
   2.3528000e+00  -2.5976000e-01
   2.3533000e+00  -2.5976000e-01
   2.3546000e+00  -2.5976000e-01
   2.3550000e+00  -2.5976000e-01
   2.3555000e+00  -2.5976000e-01
   2.3558000e+00  -2.5976000e-01
   2.3563000e+00  -2.5976000e-01
   2.3568000e+00  -2.5976000e-01
   2.3571000e+00  -2.5976000e-01
   2.3578000e+00  -2.5976000e-01
   2.3582000e+00  -2.5976000e-01
   2.3586000e+00  -2.5976000e-01
   2.3597000e+00  -2.5976000e-01
   2.3600000e+00  -2.5976000e-01
   2.3603000e+00  -2.5976000e-01
   2.3606000e+00  -2.5976000e-01
   2.3611000e+00  -2.5976000e-01
   2.3622000e+00  -2.5976000e-01
   2.3630000e+00  -2.5976000e-01
   2.3638000e+00  -2.5976000e-01
   2.3643000e+00  -2.5976000e-01
   2.3656000e+00  -2.5976000e-01
   2.3664000e+00  -2.5976000e-01
   2.3675000e+00  -2.5976000e-01
   2.3682000e+00  -2.5976000e-01
   2.3688000e+00  -2.5976000e-01
   2.3699000e+00  -2.5976000e-01
   2.3717000e+00  -2.5976000e-01
   2.3722000e+00  -2.5976000e-01
   2.3738000e+00  -2.5976000e-01
   2.3742000e+00  -2.5976000e-01
   2.3747000e+00  -2.5976000e-01
   2.3758000e+00  -2.5976000e-01
   2.3765000e+00  -2.5976000e-01
   2.3787000e+00  -2.5976000e-01
   2.3797000e+00  -2.5976000e-01
   2.3834000e+00  -2.5976000e-01
   2.3859000e+00  -2.5976000e-01
   2.3885000e+00  -2.5976000e-01
   2.3941000e+00  -2.5976000e-01
   2.3966000e+00  -2.5976000e-01
   2.3978000e+00  -2.5976000e-01
   2.4006000e+00  -2.5976000e-01
   2.4981000e+00  -2.4448000e-01
   2.5019000e+00   1.4057600e+00
   2.5029000e+00   1.2988000e+00
   2.5037000e+00   1.2529600e+00
   2.5043000e+00   4.1256000e-01
   2.5051000e+00   5.9592000e-01
   2.5058000e+00   2.9032000e-01
   2.5062000e+00   1.8336000e-01
   2.5069000e+00   7.9456000e-01
   2.5074000e+00   2.9032000e-01
   2.5078000e+00  -6.4176000e-01
   2.5085000e+00  -8.0984000e-01
   2.5090000e+00  -9.9320000e-01
   2.5093000e+00  -7.0288000e-01
   2.5098000e+00   6.1120000e-02
   2.5102000e+00   9.1680000e-02
   2.5106000e+00  -1.3293600e+00
   2.5110000e+00   4.5840000e-01
   2.5115000e+00  -1.5585600e+00
   2.5118000e+00   1.5280000e-01
   2.5122000e+00  -1.0696000e+00
   2.5126000e+00  -1.4057600e+00
   2.5130000e+00  -3.5144000e-01
   2.5133000e+00  -2.9032000e-01
   2.5136000e+00  -1.1765600e+00
   2.5139000e+00  -1.6960800e+00
   2.5144000e+00  -1.8488800e+00
   2.5147000e+00  -1.8183200e+00
   2.5150000e+00  -1.7724800e+00
   2.5154000e+00  -1.8336000e+00
   2.5157000e+00  -1.8641600e+00
   2.5162000e+00  -1.8183200e+00
   2.5165000e+00  -1.5585600e+00
   2.5168000e+00  -8.2512000e-01
   2.5171000e+00  -8.2512000e-01
   2.5174000e+00  -1.7266400e+00
   2.5179000e+00  -1.6655200e+00
   2.5182000e+00  -6.1120000e-01
   2.5186000e+00  -1.8641600e+00
   2.5190000e+00  -9.1680000e-01
   2.5194000e+00  -1.8641600e+00
   2.5198000e+00  -1.0696000e+00
   2.5203000e+00  -1.5127200e+00
   2.5208000e+00  -1.8641600e+00
   2.5211000e+00  -1.8336000e+00
   2.5216000e+00  -1.8183200e+00
   2.5221000e+00  -1.8641600e+00
   2.5227000e+00  -1.7877600e+00
   2.5232000e+00  -1.1154400e+00
   2.5243000e+00  -1.6808000e+00
   2.5250000e+00  -1.6044000e+00
   2.5256000e+00  -1.8336000e+00
   2.5264000e+00  -1.6044000e+00
   2.5272000e+00  -1.6502400e+00
   2.5291000e+00  -1.6960800e+00
   2.5304000e+00  -1.7724800e+00
   2.5323000e+00  -1.8488800e+00
   2.5373000e+00  -1.8488800e+00
   2.5378000e+00  -1.8488800e+00
   2.5392000e+00  -1.8488800e+00
   2.5395000e+00  -1.8488800e+00
   2.5400000e+00  -1.8488800e+00
   2.5403000e+00  -1.8488800e+00
   2.5406000e+00  -1.8488800e+00
   2.5411000e+00  -1.8488800e+00
   2.5414000e+00  -1.8488800e+00
   2.5419000e+00  -1.8488800e+00
   2.5422000e+00  -1.8488800e+00
   2.5438000e+00  -1.8488800e+00
   2.5549000e+00  -1.8336000e+00
   2.5552000e+00  -1.8336000e+00
   2.5568000e+00  -1.8336000e+00
   2.5578000e+00  -1.8336000e+00
   2.5582000e+00  -1.8336000e+00
   2.5589000e+00  -1.8336000e+00
   2.5602000e+00  -1.8336000e+00
   2.5688000e+00  -1.8183200e+00
   2.5694000e+00  -1.8183200e+00
   2.5699000e+00  -1.8183200e+00
   2.5778000e+00  -1.8030400e+00
   2.5797000e+00  -1.8030400e+00
   2.5811000e+00  -1.8030400e+00
   2.5909000e+00  -1.7877600e+00
   2.5915000e+00  -1.7877600e+00
   2.5922000e+00  -1.7877600e+00
   2.5926000e+00  -1.7877600e+00
   2.6002000e+00  -1.7724800e+00
   2.6005000e+00  -1.7724800e+00
   2.6008000e+00  -1.7724800e+00
   2.6011000e+00  -1.7724800e+00
   2.6016000e+00  -1.7724800e+00
   2.6099000e+00  -1.7572000e+00
   2.6106000e+00  -1.7572000e+00
   2.6109000e+00  -1.7572000e+00
   2.6117000e+00  -1.7572000e+00
   2.6198000e+00  -1.7419200e+00
   2.6285000e+00  -1.7266400e+00
   2.6288000e+00  -1.7266400e+00
   2.6294000e+00  -1.7266400e+00
   2.6358000e+00  -1.7113600e+00
   2.6363000e+00  -1.7113600e+00
   2.6368000e+00  -1.7113600e+00
   2.6438000e+00  -1.6960800e+00
   2.6448000e+00  -1.6960800e+00
   2.6600000e+00  -1.6655200e+00
   2.6606000e+00  -1.6655200e+00
   2.6611000e+00  -1.6655200e+00
   2.6677000e+00  -1.6502400e+00
   2.6682000e+00  -1.6502400e+00
   2.6685000e+00  -1.6502400e+00
   2.6752000e+00  -1.6349600e+00
   2.6757000e+00  -1.6349600e+00
   2.6763000e+00  -1.6349600e+00
   2.6822000e+00  -1.6196800e+00
   2.6888000e+00  -1.6044000e+00
   2.6894000e+00  -1.6044000e+00
   2.6963000e+00  -1.5891200e+00
   2.7027000e+00  -1.5738400e+00
   2.7032000e+00  -1.5738400e+00
   2.7038000e+00  -1.5738400e+00
   2.7042000e+00  -1.5738400e+00
   2.7046000e+00  -1.5738400e+00
   2.7094000e+00  -1.5585600e+00
   2.7226000e+00  -1.5280000e+00
   2.7285000e+00  -1.5127200e+00
   2.7288000e+00  -1.5127200e+00
   2.7355000e+00  -1.4974400e+00
   2.7413000e+00  -1.4821600e+00
   2.7419000e+00  -1.4821600e+00
   2.7485000e+00  -1.4668800e+00
   2.7544000e+00  -1.4516000e+00
   2.7605000e+00  -1.4363200e+00
   2.7731000e+00  -1.4057600e+00
   2.7734000e+00  -1.4057600e+00
   2.7800000e+00  -1.3904800e+00
   2.7861000e+00  -1.3752000e+00
   2.7869000e+00  -1.3752000e+00
   2.7920000e+00  -1.3599200e+00
   2.7928000e+00  -1.3599200e+00
   2.7974000e+00  -1.3446400e+00
   2.8133000e+00  -1.3140800e+00
   2.8208000e+00  -1.2988000e+00
   2.8350000e+00  -1.2682400e+00
   2.8357000e+00  -1.2682400e+00
   2.8360000e+00  -1.2682400e+00
   2.8426000e+00  -1.2529600e+00
   2.8432000e+00  -1.2529600e+00
   2.8440000e+00  -1.2529600e+00
   2.8499000e+00  -1.2376800e+00
   2.8568000e+00  -1.2224000e+00
   2.8573000e+00  -1.2224000e+00
   2.8576000e+00  -1.2224000e+00
   2.8662000e+00  -1.2071200e+00
   2.8670000e+00  -1.2071200e+00
   2.8738000e+00  -1.1918400e+00
   2.8798000e+00  -1.1765600e+00
   2.8802000e+00  -1.1765600e+00
   2.8805000e+00  -1.1765600e+00
   2.8890000e+00  -1.1612800e+00
   2.8893000e+00  -1.1612800e+00
   2.8899000e+00  -1.1612800e+00
   2.8976000e+00  -1.1460000e+00
   2.8981000e+00  -1.1460000e+00
   2.8987000e+00  -1.1460000e+00
   2.9062000e+00  -1.1307200e+00
   2.9136000e+00  -1.1154400e+00
   2.9314000e+00  -1.0848800e+00
   2.9317000e+00  -1.0848800e+00
   2.9326000e+00  -1.0848800e+00
   2.9408000e+00  -1.0696000e+00
   2.9499000e+00  -1.0543200e+00
   2.9502000e+00  -1.0543200e+00
   2.9507000e+00  -1.0543200e+00
   2.9512000e+00  -1.0543200e+00
   2.9578000e+00  -1.0390400e+00
   2.9582000e+00  -1.0390400e+00
   2.9686000e+00  -1.0237600e+00
   2.9773000e+00  -1.0084800e+00
   2.9786000e+00  -1.0084800e+00
   2.9789000e+00  -1.0084800e+00
   2.9861000e+00  -9.9320000e-01
   2.9864000e+00  -9.9320000e-01
   2.9870000e+00  -9.9320000e-01
   2.9878000e+00  -9.9320000e-01
   2.9973000e+00  -9.7792000e-01
   2.9976000e+00  -9.7792000e-01
   2.9986000e+00  -9.7792000e-01
   2.9992000e+00  -9.7792000e-01
   2.9997000e+00  -9.7792000e-01
   3.0096000e+00  -9.6264000e-01
   3.0101000e+00  -9.6264000e-01
   3.0109000e+00  -9.6264000e-01
   3.0168000e+00  -9.4736000e-01
   3.0186000e+00  -9.4736000e-01
   3.0189000e+00  -9.4736000e-01
   3.0304000e+00  -9.3208000e-01
   3.0307000e+00  -9.3208000e-01
   3.0312000e+00  -9.3208000e-01
   3.0320000e+00  -9.3208000e-01
   3.0325000e+00  -9.3208000e-01
   3.0424000e+00  -9.1680000e-01
   3.0437000e+00  -9.1680000e-01
   3.0443000e+00  -9.1680000e-01
   3.0446000e+00  -9.1680000e-01
   3.0544000e+00  -9.0152000e-01
   3.0554000e+00  -9.0152000e-01
   3.0659000e+00  -8.8624000e-01
   3.0666000e+00  -8.8624000e-01
